WaterManagement/includes/DEM/bhh_dem.asc
ncols        337
nrows        243
xllcorner    584972.784332102165
yllcorner    2277797.995235871989
dx           240.267062314540
dy           240.740740740741
NODATA_value 0
[rows 0 to 80 of 243, columns 192 to 287 of 337]
4 5 7 6 1 1 2 3 6 3 3 4 3 7 2 2 3 11 12 10 5 14 29 17 20 18 21 42 56 64 71 63 13 17 28 59 57 78 61 66 81 68 57 39 31 24 25 25 19 20 18 20 17 19 12 12 9 10 11 8 5 5 5 5 5 5 5 5 4 4 4 4 4 4 5 4 3 3 5 3 1 2 3 4 2 3 4 5 3 5 5 2 6 6 9 10
6 7 6 3 5 5 4 4 3 2 5 4 5 7 4 2 9 15 12 13 9 8 17 16 9 14 15 20 21 22 31 23 16 9 16 14 22 25 46 36 48 76 53 58 55 58 71 64 45 30 31 31 18 13 16 13 14 12 11 8 5 8 4 6 3 1 4 2 2 2 3 4 3 2 0 2 2 3 4 5 0 4 3 5 3 5 4 4 4 4 3 2 4 7 9 5
5 8 6 5 7 5 3 6 2 5 5 4 5 12 2 8 9 12 32 14 13 11 10 8 9 9 16 23 13 19 15 18 16 9 9 18 32 26 60 22 29 40 63 51 46 46 49 70 72 65 40 24 29 21 14 12 11 12 11 7 8 10 5 6 4 4 4 3 3 3 1 2 3 1 5 4 4 2 0 4 5 3 3 5 3 3 5 2 3 6 4 6 5 7 7 4
3 9 8 6 4 5 5 8 6 3 5 4 4 5 2 18 10 10 14 15 11 9 10 5 5 6 15 26 14 10 8 19 17 9 12 20 29 19 38 14 18 27 36 15 17 15 16 40 27 25 34 41 55 32 17 16 13 11 7 9 8 5 6 4 3 4 4 2 3 3 4 3 2 4 1 3 2 3 5 1 2 4 4 3 4 7 3 3 1 3 4 6 7 4 6 7
3 3 3 3 10 7 6 7 6 6 5 7 6 4 2 4 6 9 8 3 5 5 7 5 3 8 15 17 11 7 10 8 7 10 16 18 17 27 23 17 18 48 61 20 9 34 49 48 46 24 17 19 22 18 18 15 14 13 12 12 11 4 4 5 4 5 3 2 0 2 2 4 3 3 4 2 4 3 1 5 4 2 3 4 3 3 1 5 5 5 5 6 5 3 4 11
6 6 6 3 3 3 4 6 4 6 6 5 5 3 2 6 6 6 8 4 7 8 3 3 6 6 5 4 6 7 8 7 4 15 11 16 15 25 22 14 42 47 31 25 9 31 44 23 56 50 47 18 13 12 12 11 13 15 17 14 12 6 5 3 3 3 -1 3 0 1 5 2 2 4 4 2 3 3 2 4 7 3 1 6 4 3 4 4 3 4 5 5 3 4 4 11
6 8 7 8 6 3 3 3 5 7 7 5 5 2 2 6 4 7 4 7 -1 3 3 3 2 2 5 8 4 4 1 2 4 5 10 6 8 13 17 7 17 26 20 23 8 30 17 30 37 45 27 21 13 5 8 15 20 19 20 23 22 9 13 12 5 3 5 3 3 4 2 2 3 5 3 4 2 0 10 4 2 0 1 -1 4 4 3 4 1 4 4 5 4 3 9 9
7 7 5 6 6 4 4 2 2 4 6 8 7 4 2 6 5 4 5 6 3 3 8 -1 5 5 4 2 7 4 5 3 4 3 4 5 3 6 4 4 6 7 6 8 11 14 11 19 23 30 30 15 6 6 8 21 29 25 21 28 22 17 27 30 13 6 5 5 2 4 3 3 -1 3 3 5 2 5 5 7 1 4 6 4 3 3 3 4 2 5 4 5 5 6 9 7
7 7 7 7 4 8 6 2 2 2 4 11 7 4 2 6 4 6 3 3 4 13 1 2 4 7 5 3 -1 3 6 3 4 3 4 4 3 4 3 5 7 4 5 2 4 7 8 16 18 20 15 11 7 5 9 17 27 43 30 29 33 32 19 22 11 11 5 4 1 -1 1 6 3 5 3 4 4 2 3 2 3 8 7 2 1 4 1 2 3 4 4 5 6 5 8 6
8 5 6 5 7 6 4 6 2 2 2 7 7 5 2 4 4 0 5 2 2 6 11 3 -1 2 3 -5 5 5 9 1 5 5 0 7 3 5 2 4 6 0 4 2 6 3 5 6 11 12 11 7 4 10 18 11 18 28 40 32 26 51 19 15 14 40 13 4 2 5 4 3 6 4 4 3 4 3 5 2 8 5 3 2 4 3 4 1 2 3 5 7 3 4 5 4
4 5 8 6 4 5 6 5 5 2 2 2 6 10 6 2 4 3 -6 7 3 4 5 3 6 5 5 3 2 2 1 4 3 7 6 6 1 3 6 5 5 3 3 5 5 6 5 7 3 5 5 6 6 15 20 25 13 18 28 29 16 27 43 32 60 43 29 6 3 2 5 4 2 1 6 2 7 17 4 2 2 3 3 -3 4 5 3 -1 0 2 4 8 4 3 5 2
4 7 4 4 5 4 4 6 7 7 2 2 2 6 8 2 5 5 5 0 2 7 4 1 3 3 2 3 3 3 4 7 5 4 3 3 5 3 6 6 2 7 3 5 2 6 2 5 3 5 5 5 11 15 25 25 21 26 18 13 18 58 105 51 34 61 35 9 3 3 2 3 -1 4 4 3 5 5 4 3 3 3 2 6 7 3 2 5 6 13 5 4 4 6 6 2
6 4 3 4 5 6 2 5 6 6 2 2 2 6 5 2 2 4 6 2 4 3 1 5 3 2 5 5 4 2 3 3 5 8 2 -1 1 1 5 4 5 7 -1 3 8 6 4 1 8 6 4 2 24 35 25 31 40 65 19 14 16 47 60 76 32 58 53 6 3 5 30 25 18 4 2 3 4 6 2 3 3 2 3 5 5 6 5 6 23 27 2 3 3 0 0 4
5 3 3 2 3 3 1 3 4 6 8 2 2 5 6 3 2 6 3 5 3 1 3 0 3 5 3 4 3 5 3 4 3 4 2 2 7 5 3 2 8 2 4 2 4 4 5 5 1 0 2 7 11 12 57 40 37 54 46 16 19 13 19 61 28 40 5 5 3 4 7 25 55 9 4 20 10 11 2 3 3 11 8 6 6 6 10 16 8 7 6 6 4 0 1 5
5 4 4 5 2 1 2 4 5 5 7 2 2 2 2 2 2 3 5 5 3 4 1 2 4 5 1 2 4 2 5 5 6 3 4 -1 6 1 5 6 3 1 3 3 7 5 9 7 4 4 7 4 3 10 17 16 17 73 61 64 58 5 32 57 43 32 4 5 7 30 31 5 20 12 13 28 16 23 2 1 5 47 28 10 9 11 29 12 13 12 10 9 8 9 5 2
3 3 5 5 5 2 3 4 6 4 8 5 2 2 2 5 2 3 2 4 5 5 4 3 4 2 3 3 -1 2 2 7 5 3 3 4 3 4 6 3 4 9 6 4 2 6 10 10 3 11 14 5 3 3 5 9 11 14 16 22 14 3 9 31 13 53 13 2 5 19 45 13 50 14 10 16 52 30 4 5 12 59 26 41 20 27 37 17 19 21 12 15 22 19 7 7
3 6 3 2 1 5 5 5 4 3 8 6 2 2 5 6 4 2 6 2 2 7 7 7 6 3 5 5 2 2 2 2 2 2 2 5 3 3 2 6 4 3 4 5 9 5 9 4 7 8 15 6 3 6 13 6 4 6 6 6 5 4 5 11 8 12 4 6 4 8 23 6 26 6 19 27 83 65 3 5 41 76 77 59 91 86 114 38 82 23 40 62 86 16 47 53
4 4 3 4 5 5 -1 3 4 4 6 7 2 7 6 6 4 2 2 4 5 2 2 2 2 6 2 7 6 3 4 6 6 2 2 2 6 4 5 4 3 5 6 5 12 32 6 6 9 24 14 5 4 8 23 7 9 34 11 4 20 5 19 3 5 4 5 21 8 14 30 18 39 12 9 7 30 9 3 2 4 12 76 76 94 102 109 92 83 41 48 102 87 29 42 74
4 4 3 2 3 2 2 5 3 5 4 4 8 4 6 7 5 2 6 4 2 5 5 7 6 4 2 4 5 6 0 4 2 5 5 2 2 2 5 4 0 3 3 3 7 22 20 6 2 10 5 5 3 3 7 6 7 10 14 3 20 2 15 5 7 1 4 3 7 9 10 7 18 7 19 11 17 3 1 3 1 4 12 17 23 78 86 96 48 43 55 57 76 51 52 65
2 3 4 3 2 6 3 4 3 5 6 6 5 3 5 6 5 2 6 3 3 3 2 4 2 4 2 4 4 8 1 3 5 4 6 6 3 2 4 2 1 4 2 4 9 13 11 5 4 3 4 6 3 4 4 6 6 5 3 8 8 4 13 9 2 2 2 3 6 16 5 8 14 3 3 9 7 1 3 4 3 0 2 4 4 10 30 16 13 26 15 12 9 7 8 6
2 4 5 4 2 3 3 3 7 7 5 6 6 2 3 5 6 2 4 3 4 3 3 2 4 3 2 5 -2 1 4 5 5 4 3 5 4 4 2 2 4 2 6 2 6 12 5 4 2 6 4 2 4 5 3 5 4 5 6 11 6 6 6 3 4 3 6 13 8 13 14 15 4 25 3 5 4 3 4 3 4 4 3 6 4 3 6 13 24 41 14 15 12 3 9 10
4 7 4 4 1 2 3 4 5 6 6 4 6 2 6 3 3 2 7 3 3 4 5 7 5 4 2 5 2 6 6 -1 3 2 4 4 4 3 4 2 2 3 1 0 3 4 3 4 6 1 5 4 3 2 4 2 5 3 -1 6 5 4 5 7 6 11 8 39 10 32 17 4 11 11 7 20 15 7 3 3 6 11 11 11 7 10 21 17 9 4 4 8 6 3 4 4
3 4 6 3 2 4 4 5 3 2 4 5 6 5 4 6 6 2 7 6 4 5 5 8 4 5 2 3 6 7 4 4 4 1 2 4 2 5 3 4 2 2 2 2 5 3 3 4 5 2 4 5 4 3 2 5 4 3 6 2 4 4 3 2 5 7 8 9 11 28 32 10 19 12 20 10 5 4 4 0 5 8 12 18 35 33 23 14 5 11 5 14 5 3 5 3
4 3 3 3 4 4 3 3 3 2 3 3 2 5 5 4 5 2 2 4 7 6 6 7 7 2 2 4 3 7 7 4 5 6 4 4 5 4 3 2 5 2 6 5 5 0 4 3 4 2 2 3 4 6 3 2 5 3 5 1 3 4 3 2 1 4 11 25 51 18 25 20 13 17 16 13 6 3 0 3 1 2 1 12 39 66 58 34 7 2 4 2 2 2 2 2
3 1 2 5 4 3 5 4 4 5 5 5 5 5 5 5 8 2 2 4 8 8 7 6 6 2 5 4 1 9 2 1 1 1 5 3 4 4 3 4 4 4 2 5 5 2 5 6 3 4 4 1 2 3 2 9 8 8 4 1 5 3 31 10 8 15 8 11 15 31 20 27 36 10 5 2 3 2 2 2 5 4 4 5 18 12 6 3 4 2 2 2 5 4 3 2
4 1 2 4 4 3 4 4 4 3 5 6 6 5 4 4 4 7 2 2 4 8 7 5 2 2 5 9 4 6 5 1 -1 1 4 5 2 2 3 3 3 3 3 2 7 3 5 4 5 6 1 2 6 3 4 4 5 8 4 2 5 16 5 6 5 16 4 4 8 5 12 11 20 5 6 2 3 5 5 1 3 2 2 2 2 2 2 2 3 3 3 1 1 1 2 2
6 0 3 -2 3 4 3 6 4 3 5 5 3 3 4 6 5 7 2 2 3 9 6 4 2 5 4 2 5 5 4 1 7 5 4 4 4 3 5 5 3 3 2 2 2 2 2 4 4 6 4 4 2 4 2 2 3 8 11 10 14 5 9 8 3 13 8 7 20 7 17 17 5 2 2 2 2 2 2 3 5 7 3 4 4 3 4 2 2 2 3 3 1 1 3 4
3 3 4 1 3 3 1 5 6 4 3 5 3 5 5 3 4 6 8 2 2 7 8 2 2 6 5 5 5 4 4 4 6 3 4 3 1 3 4 5 5 5 3 5 2 3 1 6 4 3 4 7 2 5 2 3 4 5 3 4 35 30 22 5 6 4 17 18 3 11 6 2 2 2 4 4 4 1 4 3 5 5 2 2 3 5 3 3 0 2 4 6 1 3 2 3
2 1 2 7 3 2 4 5 6 4 0 2 2 4 3 2 5 3 5 2 2 2 9 2 8 3 5 5 5 3 0 1 5 3 1 3 3 2 4 5 3 3 4 2 2 3 4 4 5 5 5 4 6 5 7 5 6 5 5 6 6 7 14 3 5 9 25 22 7 14 3 5 4 4 3 3 6 5 0 1 -6 2 4 2 4 3 2 2 1 5 3 2 2 1 4 5
3 3 4 4 5 6 6 4 5 7 5 4 2 5 3 5 4 7 6 5 2 2 2 2 5 2 5 5 4 3 3 1 4 3 4 1 2 2 2 3 0 0 2 5 2 4 5 5 5 5 5 3 5 7 4 5 5 3 -1 3 3 3 22 1 9 15 14 7 22 10 2 4 4 3 3 1 4 4 4 4 10 11 4 5 19 3 2 2 2 1 0 3 1 2 4 5
5 4 2 3 3 5 6 2 5 5 7 7 4 3 4 6 5 7 2 5 2 11 9 9 7 3 4 6 4 2 3 2 3 5 2 5 5 4 4 4 4 4 3 4 2 3 4 6 5 4 5 6 6 3 3 5 6 3 3 4 4 4 5 14 9 24 12 15 7 4 2 6 4 0 8 4 5 4 5 26 11 21 20 10 19 5 4 3 1 4 4 4 1 2 3 6
4 -1 3 2 3 2 4 3 8 6 4 0 2 5 4 5 5 4 3 2 4 5 8 8 4 6 4 4 6 9 4 5 6 5 2 6 5 4 4 4 1 4 3 1 2 4 3 5 3 5 6 6 5 6 4 5 5 5 7 4 2 4 3 10 74 63 7 30 7 5 5 2 3 3 0 2 5 5 4 6 2 4 6 15 36 7 1 4 1 -2 2 3 5 4 2 6
2 -3 5 4 2 3 5 4 4 4 6 5 4 5 3 5 6 5 2 6 5 4 5 5 4 2 4 2 2 5 5 6 6 4 5 6 4 4 5 6 3 1 0 4 2 2 4 4 6 5 4 2 2 5 5 4 7 3 3 12 6 10 5 14 9 9 12 8 2 4 3 2 4 1 2 3 4 7 5 5 4 6 5 24 28 24 3 21 5 4 2 0 4 5 3 3
2 4 1 3 2 5 6 5 5 3 3 4 6 3 4 5 5 2 4 1 2 5 4 3 2 3 3 2 3 7 6 4 6 6 6 6 1 3 4 2 6 5 3 6 2 3 4 6 5 6 0 7 5 3 4 6 4 8 3 6 6 6 5 5 2 2 2 2 3 2 2 3 3 5 1 1 5 5 4 2 3 4 3 10 6 9 7 13 8 4 6 5 5 3 3 5
6 4 4 3 2 4 3 6 4 5 4 3 5 5 5 2 2 5 2 3 4 3 3 3 5 6 3 4 5 6 3 6 4 3 6 5 5 3 2 5 4 5 3 5 2 4 5 7 6 5 3 2 7 2 3 5 7 6 4 3 2 4 3 2 4 3 4 5 3 3 5 4 3 5 6 4 1 4 4 5 4 3 3 3 7 4 5 2 5 5 5 4 3 2 4 5
2 2 2 3 4 4 3 6 6 5 6 3 4 4 2 2 2 3 3 1 5 1 2 1 3 3 4 4 6 4 4 3 1 4 4 3 4 5 4 5 3 6 5 2 2 7 4 6 5 7 8 3 3 4 6 5 4 6 4 5 3 6 3 2 3 4 3 2 5 3 1 22 29 7 15 19 5 1 3 6 3 4 3 2 2 4 6 1 4 2 2 3 3 2 4 7
2 5 1 4 4 4 5 5 5 7 7 5 4 7 2 2 3 4 4 6 4 4 4 5 2 5 2 4 3 4 1 4 6 3 7 5 5 7 4 4 5 3 4 2 2 5 3 7 6 2 5 6 5 7 4 5 5 2 4 3 5 3 4 2 5 2 4 4 4 3 4 7 17 42 67 90 55 17 4 3 6 5 3 4 5 3 5 3 4 4 1 5 4 6 3 1
3 2 3 3 5 4 5 3 4 4 4 6 7 2 2 5 4 6 8 3 3 1 5 5 5 5 4 4 5 2 4 5 5 3 8 4 4 6 4 6 4 4 3 2 2 5 6 6 6 5 -1 2 3 5 4 2 4 6 3 1 1 4 6 2 7 7 48 42 27 17 35 31 13 11 9 43 102 74 9 9 70 57 6 14 1 3 -1 2 2 0 4 1 3 4 4 2
3 4 5 3 3 4 5 8 4 8 3 2 8 2 6 3 4 4 2 6 5 5 6 5 8 4 5 5 3 3 4 4 2 1 1 4 4 2 6 8 7 3 5 2 2 7 6 5 6 6 4 6 3 5 6 3 3 3 4 4 5 4 2 4 2 4 5 9 24 63 87 98 67 34 17 10 52 38 19 48 102 151 84 65 24 4 8 2 2 6 4 3 2 2 2 2
3 4 6 2 5 5 6 5 4 6 4 5 6 2 3 6 5 4 3 1 7 1 4 3 2 2 4 5 6 6 4 3 7 4 5 7 4 6 4 4 5 1 5 2 2 8 3 5 4 4 5 3 5 4 3 3 6 4 4 6 3 7 2 5 2 4 4 3 5 5 7 14 14 13 23 60 71 49 23 76 65 121 146 162 85 25 16 2 3 4 5 1 2 2 3 2
3 5 2 3 8 6 7 4 1 3 3 4 6 2 4 3 5 5 4 5 4 4 7 5 5 5 5 5 6 3 3 3 5 4 4 6 6 6 6 4 5 4 5 2 2 6 6 5 6 6 4 6 2 5 5 5 6 7 6 6 3 5 2 7 2 2 2 4 5 7 2 4 4 6 5 4 3 4 3 5 6 35 64 114 118 116 35 62 10 6 3 9 0 4 3 2
6 6 3 3 3 3 3 5 3 5 3 4 4 2 8 6 4 5 3 5 4 4 6 7 6 4 6 6 3 5 5 3 4 1 4 6 6 6 3 4 2 6 4 5 2 3 8 4 4 5 4 6 4 5 4 6 4 6 4 5 5 4 2 6 4 4 2 1 4 2 3 4 4 2 -1 4 1 4 4 4 4 8 7 37 23 49 38 97 98 83 26 4 3 6 4 3
5 4 5 4 5 0 3 1 5 4 4 5 7 2 4 6 5 5 4 5 5 4 6 4 5 4 5 5 2 2 4 1 4 5 3 4 6 6 3 4 4 6 6 6 4 2 6 5 3 4 3 5 4 3 5 3 5 4 3 2 3 6 2 5 3 3 6 3 1 7 5 5 2 3 5 5 6 3 3 5 4 5 4 5 5 7 4 30 27 58 96 62 6 2 2 4
6 5 5 3 3 2 3 5 5 1 4 6 6 7 6 4 3 1 7 7 5 4 3 4 3 5 -1 4 4 4 2 4 4 5 6 7 6 4 5 3 7 7 6 7 5 2 3 5 4 4 5 6 6 4 5 7 4 1 2 6 4 5 6 2 5 3 4 6 6 5 5 3 3 5 4 4 1 2 3 1 1 4 4 3 4 5 4 7 10 8 23 72 82 14 3 1
3 5 4 4 5 4 4 4 2 -1 3 5 6 6 2 6 3 2 2 4 5 3 4 4 2 4 6 5 3 3 4 5 5 5 4 5 5 4 4 6 5 6 6 8 5 3 2 6 3 4 4 5 8 7 6 5 4 2 2 2 2 3 5 2 4 6 4 5 6 5 3 5 2 6 6 0 1 1 5 1 2 1 2 3 4 4 4 4 6 6 24 14 44 65 55 11
2 3 3 4 5 1 2 7 4 4 7 6 5 5 2 8 2 7 4 1 2 4 4 5 1 6 6 3 6 4 5 6 4 5 6 4 5 3 2 5 3 5 6 6 5 3 5 2 2 4 5 5 5 2 2 2 2 9 6 5 2 2 2 2 5 3 4 4 4 5 3 3 3 3 3 4 4 4 5 4 5 5 3 2 4 0 2 4 5 4 6 31 22 43 81 103
3 2 6 6 5 5 4 8 4 6 5 4 5 8 2 3 3 4 2 3 5 4 5 -1 6 3 5 4 5 3 3 5 5 2 6 3 5 5 4 7 5 6 3 4 3 6 6 6 2 2 2 2 2 2 2 6 6 4 3 4 4 5 4 2 2 4 3 4 4 3 2 6 4 7 4 5 5 2 -1 3 6 1 4 1 -1 1 5 1 4 3 4 2 18 55 28 98
4 5 3 -1 3 3 5 0 4 4 5 4 7 2 6 6 5 4 4 5 4 5 6 4 3 6 4 7 6 6 5 4 2 4 4 5 5 4 4 4 5 3 5 3 4 4 5 6 4 4 5 2 3 4 8 4 5 3 5 3 4 5 5 5 2 5 3 4 4 4 6 5 3 5 6 6 4 6 5 1 4 5 4 2 1 3 5 1 4 3 4 3 7 20 16 72
4 5 5 5 5 6 5 4 4 4 5 7 2 9 3 4 3 3 2 1 5 3 6 3 2 4 4 3 5 5 5 3 2 6 3 4 4 4 7 5 3 5 0 1 4 3 5 5 5 6 4 6 5 5 5 5 6 4 5 2 4 4 5 5 2 3 3 5 5 6 4 0 2 4 4 5 4 6 4 1 -2 2 4 2 4 3 3 1 1 2 2 3 -1 10 2 23
2 4 3 5 6 5 6 6 6 4 2 2 5 5 1 6 4 4 6 4 2 4 3 1 3 3 6 1 3 5 4 3 4 4 5 7 3 5 4 2 3 6 2 3 5 3 6 4 3 4 5 4 6 6 6 5 3 3 7 4 3 4 5 4 2 2 4 4 2 4 1 3 4 1 1 3 5 0 4 6 6 3 3 1 -2 2 4 1 -1 4 4 2 2 2 5 6
5 6 4 3 3 6 5 5 3 2 7 3 3 2 3 5 4 3 4 4 5 5 3 0 -1 3 3 4 6 6 4 5 3 5 4 3 6 5 2 8 5 5 4 4 5 4 2 4 1 5 6 2 3 4 4 5 3 3 6 4 6 4 3 2 2 7 4 4 4 2 0 1 4 2 5 4 4 11 4 4 5 5 1 5 2 -1 1 2 3 1 5 3 2 3 4 16
5 4 5 4 4 6 5 4 2 4 3 4 6 3 3 4 2 4 5 3 5 3 5 2 5 5 5 8 5 5 5 1 4 6 5 4 5 4 7 3 1 4 1 3 6 3 3 6 3 5 0 3 3 3 5 3 5 6 6 4 3 4 4 2 6 5 4 5 9 4 2 6 6 2 3 3 2 6 3 3 5 4 4 1 -1 2 2 4 2 1 5 0 3 2 3 3
2 5 6 6 6 3 2 4 5 6 5 6 3 2 3 5 6 3 2 6 5 5 6 4 3 1 3 6 5 7 6 4 7 5 6 3 5 4 4 2 2 2 2 -1 5 6 5 4 5 2 3 0 2 5 5 2 5 3 5 6 3 4 2 7 4 3 4 6 0 3 4 0 6 3 5 4 4 6 2 4 2 4 5 3 2 2 3 3 2 1 1 4 5 4 3 3
0 4 5 6 4 2 4 7 8 6 4 5 2 3 2 6 2 5 -1 4 5 6 5 3 6 5 2 2 3 4 4 4 5 5 4 6 5 6 5 4 3 5 3 6 4 3 2 4 3 4 5 4 2 4 3 3 4 5 7 6 4 2 6 6 6 4 1 -3 5 2 3 3 4 3 5 5 1 0 0 4 5 7 5 5 4 4 3 3 5 6 3 1 3 3 6 3
5 3 4 5 5 4 6 7 4 4 7 5 4 3 4 5 3 4 4 3 5 4 4 2 5 4 6 -3 4 4 3 7 7 6 5 5 5 6 5 5 2 4 6 3 3 4 4 4 5 5 2 4 2 5 5 2 6 3 4 4 4 2 3 5 3 2 6 4 4 5 5 5 5 3 5 7 4 1 3 5 3 5 -2 4 6 5 5 -1 2 2 3 4 4 5 5 1
3 4 5 5 2 5 7 4 5 3 4 4 5 3 1 2 4 4 3 5 2 4 4 4 5 3 3 2 3 1 6 6 4 3 4 2 3 3 5 2 5 4 4 5 2 4 2 3 5 4 3 4 4 6 2 4 2 2 5 3 2 2 2 4 5 4 3 2 2 3 6 4 4 2 4 6 7 1 6 4 5 4 2 4 5 4 -1 2 5 4 4 4 3 3 3 0
2 6 7 6 2 5 3 2 3 3 2 3 3 4 4 2 2 4 4 4 3 1 1 5 2 4 5 5 5 4 2 7 4 2 2 0 5 3 5 6 3 3 4 6 2 4 5 5 5 2 3 2 4 6 1 2 1 6 4 3 2 3 3 2 3 3 5 4 7 3 2 2 2 3 4 5 6 3 4 6 3 3 4 3 5 2 1 5 5 5 4 3 2 0 4 4
4 5 4 5 2 4 3 1 1 4 4 3 3 2 2 0 2 5 3 4 4 6 4 4 4 5 6 4 6 4 2 4 5 4 5 4 5 6 5 5 5 3 5 2 6 3 3 3 5 6 4 4 4 0 3 2 3 5 3 2 6 4 3 3 2 3 6 5 6 4 5 2 3 2 2 4 3 4 4 4 4 4 3 2 2 4 3 3 4 4 5 4 5 3 2 5
4 5 5 4 2 5 4 2 4 4 4 7 5 5 4 3 3 3 4 3 0 6 5 3 3 4 6 5 6 8 3 6 7 3 2 6 6 2 5 0 3 5 4 4 4 4 2 6 4 6 5 3 2 3 3 4 2 3 3 3 3 1 5 5 2 4 4 2 4 5 5 5 5 3 4 3 2 2 2 2 2 4 2 5 4 2 4 4 3 4 3 3 6 2 3 3
3 5 6 6 2 5 2 2 0 2 5 4 6 6 6 5 2 -1 1 5 3 4 1 0 3 2 5 0 5 5 4 7 6 4 4 6 7 5 5 4 0 7 5 4 3 3 7 7 4 6 3 3 2 3 6 6 3 6 6 0 3 4 7 4 4 4 2 3 7 5 6 6 5 4 6 3 4 3 4 2 4 5 2 3 6 5 2 2 2 2 6 2 2 3 4 3
3 5 6 5 2 5 3 2 5 5 3 2 3 3 6 2 3 4 2 4 2 5 3 3 4 2 4 4 4 5 6 7 6 5 3 4 7 4 4 6 1 1 2 3 3 2 4 7 5 6 3 4 3 3 6 4 3 2 6 3 4 2 5 2 5 3 6 5 1 4 5 5 5 4 2 4 1 1 4 3 3 4 2 2 1 3 2 4 4 5 6 4 7 2 3 4
6 5 5 5 7 2 3 4 6 6 3 3 6 2 3 2 4 2 4 6 4 6 3 4 5 4 5 4 7 3 5 5 3 4 5 5 9 6 1 5 2 3 4 3 3 5 6 6 5 3 2 4 4 2 4 2 1 3 2 4 4 4 4 1 3 4 1 3 3 4 3 2 3 4 6 3 2 5 6 4 4 3 2 4 2 3 5 5 5 3 3 3 4 7 4 2
7 8 5 6 6 2 5 5 3 4 4 4 5 4 2 2 2 1 3 4 5 4 3 2 3 3 4 3 2 2 4 3 5 2 5 4 4 3 3 2 4 3 3 1 0 7 6 6 4 2 3 3 2 3 3 4 4 3 4 4 5 6 3 5 6 4 5 2 5 5 3 4 3 1 3 4 1 2 1 4 3 2 3 4 2 5 5 5 3 3 5 4 2 5 4 2
7 6 5 4 5 4 2 5 6 6 5 4 6 6 5 2 4 2 4 4 4 4 2 5 6 6 3 5 2 7 2 3 5 2 6 3 2 4 3 2 3 4 5 4 2 3 3 5 1 3 2 5 2 4 4 4 2 2 3 6 5 6 1 5 3 3 4 5 5 2 3 4 2 3 2 1 3 4 2 1 2 4 5 5 4 5 4 2 5 3 6 2 4 3 3 4
5 4 4 5 6 6 2 2 6 5 5 8 4 7 3 2 4 2 2 6 2 4 3 5 5 6 1 0 6 2 4 3 4 3 4 3 4 4 5 4 6 5 5 6 4 5 6 5 3 3 6 5 1 3 4 4 6 3 0 2 6 6 5 4 5 2 5 4 4 1 1 1 4 2 3 3 5 4 6 5 2 1 4 4 4 2 2 4 4 6 5 0 5 2 4 4
2 7 3 6 5 4 6 3 2 3 8 5 5 4 6 2 2 4 5 3 2 2 2 6 2 3 3 3 3 5 4 5 5 3 3 5 5 3 6 5 4 5 3 5 3 5 6 4 4 4 4 5 3 1 4 3 2 5 3 5 3 4 4 4 4 5 6 5 2 3 4 2 2 4 3 3 2 0 4 3 4 4 4 3 2 2 4 2 5 3 4 3 5 4 3 4
3 3 6 5 6 3 6 4 6 5 2 2 2 5 6 4 2 3 4 3 3 4 4 1 5 4 4 2 4 4 4 6 4 3 1 5 5 4 0 4 2 3 8 10 7 3 4 6 3 3 5 3 4 1 1 5 2 -4 2 0 2 5 4 3 3 2 4 4 4 4 3 2 6 5 5 3 3 3 4 0 2 4 4 3 7 4 2 4 0 4 -4 5 6 4 4 3
1 4 4 5 5 5 4 4 5 4 3 5 5 2 8 4 2 1 4 4 5 1 1 3 6 6 5 4 4 4 5 -1 3 1 2 3 6 4 5 5 3 2 3 5 3 7 5 3 -1 3 5 0 3 1 3 4 4 7 4 3 2 3 -10 3 1 2 2 5 6 5 6 4 6 6 6 5 1 2 4 5 3 1 6 3 3 5 3 1 3 5 3 4 4 5 6 4
4 4 4 3 5 5 5 5 4 4 5 4 5 2 7 4 5 4 4 4 6 3 2 3 1 3 0 5 4 4 4 7 2 1 3 3 4 2 7 4 6 3 1 4 3 3 4 3 1 -1 3 3 2 6 5 5 2 4 4 -3 4 3 2 2 1 1 2 3 3 5 3 7 5 5 6 5 2 2 3 3 5 5 5 6 2 5 2 3 5 4 6 3 6 3 4 7
3 1 6 6 4 5 4 3 4 5 3 4 2 4 4 1 3 3 3 4 3 3 0 1 4 0 6 2 2 3 2 5 2 -5 2 2 4 3 3 5 2 3 2 4 3 4 7 6 4 3 0 5 5 2 3 4 3 5 4 5 2 3 3 4 4 4 3 3 4 5 4 5 5 2 2 3 3 4 3 5 5 3 5 4 5 4 4 5 2 4 4 3 3 1 1 4
3 3 5 5 5 4 5 5 4 2 3 2 7 5 4 6 4 4 3 1 7 2 4 0 3 3 4 2 -1 3 4 4 5 3 0 2 5 5 4 2 4 -1 3 5 4 2 2 4 2 4 7 4 1 4 3 5 5 9 4 2 3 5 4 3 4 2 2 2 4 4 2 6 4 2 3 3 4 3 4 4 4 4 4 4 5 5 0 4 4 2 5 2 4 5 4 4
5 4 4 3 5 4 5 6 5 7 2 5 3 5 5 4 3 7 5 3 3 2 6 5 5 3 3 4 4 4 2 4 2 4 -1 3 2 2 1 3 2 2 2 3 5 4 1 -3 3 5 5 6 -1 5 3 6 4 2 3 1 3 9 7 2 4 4 2 5 -1 3 4 1 3 3 3 0 3 2 4 0 2 3 5 5 5 2 2 0 -1 3 2 4 3 1 3 2
2 5 6 3 6 5 5 5 6 2 4 5 3 5 1 4 2 6 2 2 3 3 4 3 6 0 3 2 3 2 4 2 6 4 2 3 3 1 -2 6 5 3 0 2 4 2 1 2 3 4 2 5 4 0 5 3 2 4 2 1 3 6 5 2 -2 2 4 -1 3 2 0 4 2 3 3 3 3 2 3 2 4 0 3 3 4 2 3 1 4 4 4 3 3 6 4 0
1 3 4 3 3 3 1 5 6 2 6 5 2 1 2 1 4 0 2 5 4 3 4 4 4 3 3 3 4 6 5 4 4 5 4 4 5 3 5 4 4 4 4 4 5 4 2 1 3 1 1 5 3 3 4 3 5 2 3 5 2 5 4 4 3 2 2 -1 1 2 4 7 -1 2 5 3 3 2 3 -1 1 0 4 0 3 5 1 1 4 5 4 3 3 3 1 5
4 2 4 3 4 3 3 3 6 5 2 5 5 6 4 6 3 2 2 4 1 3 4 4 5 4 4 3 5 3 5 2 2 2 2 2 4 3 3 4 4 2 3 4 3 0 3 5 4 2 4 3 3 3 4 2 3 0 2 3 4 6 4 3 0 2 2 6 1 3 1 2 6 3 2 3 2 1 2 3 3 3 1 6 5 1 2 0 2 3 1 0 1 0 3 5
9 2 3 3 6 5 4 4 -2 4 5 2 5 6 4 5 4 5 3 2 2 2 2 2 2 2 2 2 2 2 2 3 2 5 2 2 2 2 2 2 2 4 5 0 2 4 7 4 4 3 5 6 3 4 3 7 3 3 4 5 5 5 5 3 2 3 5 3 1 4 2 4 3 1 -3 1 3 2 2 1 3 0 0 3 1 4 1 2 2 3 3 4 3 -1 4 4
3 5 3 4 7 7 2 3 4 1 8 4 4 2 2 2 2 3 3 2 5 5 3 6 3 5 4 4 6 4 3 3 3 2 3 3 4 6 3 4 2 3 4 5 3 3 1 4 5 1 6 2 4 1 4 1 1 3 4 1 4 4 3 7 2 3 1 2 5 4 5 0 4 2 7 4 5 3 2 0 4 4 2 1 3 0 2 1 4 2 2 2 2 4 4 4
3 5 5 5 4 3 4 2 5 4 6 4 2 5 4 5 5 6 3 4 4 2 3 5 5 5 5 7 6 5 5 5 4 6 3 4 5 3 2 4 2 4 3 5 1 5 4 1 4 5 4 4 5 5 3 4 2 3 6 2 1 4 -1 2 2 3 4 3 4 3 3 5 1 5 2 4 2 4 4 3 0 7 5 3 4 2 2 3 2 4 4 3 0 3 -1 5
8 7 4 2 3 5 5 4 3 6 6 6 4 3 0 0 4 4 4 4 1 3 6 4 4 5 4 6 6 2 4 2 4 4 6 4 2 4 3 1 2 2 2 6 1 0 4 3 3 3 4 0 1 2 2 5 5 4 5 3 2 2 3 3 1 0 3 3 3 1 2 4 2 3 3 3 2 4 3 6 4 3 2 4 -1 3 2 0 3 -1 5 5 8 2 2 4
3 3 3 4 5 4 5 1 3 4 7 5 3 4 5 7 5 4 5 6 3 -1 3 3 5 7 7 5 5 5 6 3 6 5 5 3 3 1 5 3 2 2 4 4 3 3 4 5 2 -2 0 0 2 4 0 2 0 4 2 5 5 0 2 0 2 1 2 2 3 5 5 4 6 5 5 6 3 3 3 2 2 5 4 5 2 5 4 5 3 3 3 2 6 2 3 3
3 3 2 4 5 5 1 2 5 4 5 4 5 7 5 5 5 4 5 3 5 6 5 4 7 7 6 6 6 9 5 7 5 -2 2 4 2 2 3 1 2 4 4 1 -1 4 2 1 2 2 0 0 3 4 2 2 3 4 1 6 4 3 0 2 3 2 3 3 2 5 3 4 4 5 2 3 1 4 4 5 5 5 2 4 2 5 4 4 4 6 2 2 3 1 1 1
