WaterManagement/includes/DEM/bhh_dem.asc
ncols        337
nrows        243
xllcorner    584972.784332102165
yllcorner    2277797.995235871989
dx           240.267062314540
dy           240.740740740741
NODATA_value 0
[rows 81 to 161 of 243, columns 96 to 191 of 337]
6 5 5 3 7 9 2 12 8 7 6 4 5 5 10 1 7 5 6 6 6 6 6 8 8 6 3 4 5 5 6 5 3 3 5 5 3 5 0 4 4 3 4 4 5 4 5 0 6 3 1 2 3 6 4 4 5 7 7 4 7 -1 5 4 4 1 7 4 6 4 5 7 5 5 8 5 4 3 5 5 8 4 6 4 3 6 4 6 5 1 6 5 5 6 2 5
8 7 6 5 7 7 7 4 5 4 -1 5 7 8 5 3 4 5 7 4 3 6 7 6 6 1 5 4 4 5 6 6 5 4 5 5 5 3 6 2 6 3 3 1 4 3 3 5 5 5 5 6 4 2 4 3 6 5 5 1 3 4 3 4 5 2 6 7 7 5 5 6 7 7 6 6 6 3 4 6 8 6 4 6 4 5 3 3 4 5 6 6 5 3 2 5
7 6 6 7 5 1 6 5 4 7 5 7 6 7 6 5 6 4 7 7 6 4 5 5 10 2 9 3 6 6 4 9 4 3 4 4 3 5 1 3 4 3 4 1 7 5 4 4 3 6 4 5 5 1 6 6 4 4 4 3 7 3 2 2 4 6 7 2 4 7 4 3 4 7 5 6 8 4 0 3 2 4 5 4 4 5 3 7 2 6 6 6 3 4 3 5
7 6 8 4 5 2 4 6 7 6 4 8 5 6 7 4 5 7 7 1 8 5 7 4 5 6 2 3 3 4 2 0 4 3 0 2 5 5 4 3 3 3 1 4 2 5 5 6 10 3 5 7 4 3 6 3 6 6 6 4 4 6 5 6 5 6 4 2 3 3 6 5 3 4 4 10 4 4 4 6 4 5 6 6 4 4 5 0 6 5 5 6 6 4 4 5
7 7 8 5 6 6 7 6 8 10 7 5 3 6 6 5 5 7 8 4 7 1 3 4 5 6 7 4 6 4 7 1 5 5 6 5 6 5 5 4 6 1 4 3 4 7 5 3 5 7 5 2 1 3 2 2 1 5 4 5 -1 6 5 4 4 7 4 4 7 5 5 3 6 6 4 7 7 1 3 6 4 7 6 7 6 3 3 5 7 7 5 4 6 4 5 5
6 2 4 6 7 5 5 7 8 6 6 5 5 4 1 -5 7 5 6 5 -11 6 3 3 6 5 1 3 5 8 6 5 5 5 4 7 5 6 7 6 4 4 5 3 6 5 4 4 5 2 5 6 5 1 3 4 5 7 2 4 2 4 8 8 7 6 6 0 6 6 2 4 5 5 6 6 6 6 5 4 7 7 4 4 6 4 6 5 7 6 8 5 3 5 8 7
4 6 4 3 5 5 7 9 9 2 0 6 4 1 7 6 5 3 6 7 3 4 6 4 5 6 2 1 3 -2 6 5 2 6 4 7 7 5 6 3 10 2 4 5 6 6 5 0 5 2 4 4 3 5 6 5 3 1 1 0 5 6 7 2 2 7 5 3 4 4 5 5 7 4 4 6 6 7 6 3 6 3 11 7 6 3 5 4 5 5 7 5 5 5 9 8
7 6 -2 2 4 5 7 7 5 9 4 1 5 6 3 9 6 -1 9 5 7 2 6 3 0 5 3 1 3 10 1 6 8 4 3 4 2 5 -3 2 6 2 9 2 1 6 5 4 5 3 2 3 5 5 3 7 3 3 3 3 4 7 6 6 3 5 7 2 4 3 4 5 7 5 6 5 7 4 4 6 4 5 7 3 6 6 6 7 4 3 6 6 2 1 7 6
4 4 5 3 5 3 8 3 4 2 4 10 4 7 4 3 5 8 3 7 7 4 5 5 3 6 7 5 5 3 1 5 5 7 5 4 6 7 2 6 3 6 5 3 3 4 6 3 1 4 6 4 3 4 3 6 5 7 4 6 3 6 7 4 3 2 3 2 5 5 1 3 6 3 4 6 6 6 6 5 7 2 4 5 5 7 4 4 5 6 6 4 4 4 4 7
6 7 3 6 7 6 4 3 12 4 5 6 4 5 6 8 6 3 9 5 7 6 7 5 7 4 5 3 3 5 0 4 0 7 5 5 4 3 3 7 3 5 7 3 6 4 6 4 2 6 6 4 4 3 6 5 2 2 6 5 7 5 6 5 6 5 3 2 5 5 5 1 3 3 7 5 6 7 4 4 2 6 3 5 5 5 4 6 3 5 4 6 6 3 6 5
4 6 10 7 8 7 7 3 7 6 26 4 4 6 7 6 6 4 3 7 7 8 6 6 5 6 10 5 3 5 3 6 7 3 2 2 7 5 5 5 7 4 4 6 1 6 4 3 5 5 7 6 5 5 2 4 4 2 6 3 6 6 3 3 4 5 4 5 5 5 6 4 5 8 3 3 6 6 6 2 3 2 3 3 4 2 5 4 4 2 4 2 6 5 6 2
0 7 4 2 6 7 6 4 4 1 6 10 5 3 5 1 7 12 7 6 8 8 9 7 8 5 7 3 5 7 7 6 7 11 5 5 4 4 5 6 4 6 4 6 1 4 4 4 3 7 5 3 6 6 4 3 4 5 6 5 5 6 4 4 4 3 4 5 6 6 4 5 4 4 3 2 3 3 6 5 5 4 4 4 5 7 5 0 3 2 5 4 6 1 -1 3
5 5 5 5 5 8 8 8 4 2 -1 5 13 3 9 10 4 11 4 6 5 7 7 9 7 6 5 7 6 8 7 5 7 3 5 5 4 5 6 4 1 6 6 8 7 7 6 5 1 4 7 5 5 3 2 6 5 7 5 6 6 5 7 3 4 5 4 5 7 6 2 3 4 4 5 4 3 4 6 6 4 6 5 6 4 4 5 2 6 4 6 6 5 2 2 6
1 7 7 7 5 6 5 10 6 7 6 -13 -3 7 4 8 3 2 5 6 5 6 7 6 6 7 7 2 4 6 7 5 6 6 5 5 6 3 5 8 7 4 6 5 6 6 4 6 6 7 5 5 6 5 7 6 3 3 6 5 4 3 6 4 2 5 4 9 2 3 6 4 3 3 6 6 5 4 6 5 4 6 6 5 5 4 6 6 4 3 5 6 3 4 4 5
4 4 8 6 3 4 7 4 8 7 1 0 7 1 4 6 7 4 5 4 6 4 7 6 5 4 4 6 8 7 7 3 5 4 6 5 7 0 0 3 4 3 4 4 5 2 4 5 6 7 6 4 4 3 6 4 6 8 6 3 3 7 2 4 6 8 4 7 5 5 3 5 2 3 5 4 5 6 5 4 3 4 6 8 4 3 0 4 6 2 4 5 3 6 3 3
5 6 7 4 4 8 7 8 4 15 9 0 -7 2 1 3 1 4 0 5 5 7 4 0 6 4 5 4 7 5 7 6 2 5 3 4 5 6 4 4 4 7 6 3 1 7 4 8 4 5 7 5 6 6 4 6 3 6 3 3 5 7 6 6 5 4 4 4 6 3 6 3 6 5 6 4 4 4 6 5 1 5 5 5 4 6 4 4 5 3 1 3 5 5 5 4
6 6 6 4 6 7 6 7 6 4 6 5 -1 4 7 3 4 8 5 3 -2 7 2 5 8 10 5 7 6 3 4 6 6 8 5 3 5 5 4 7 6 4 4 4 5 5 6 6 5 4 6 5 5 5 6 6 5 7 3 3 6 5 6 3 6 11 5 8 3 3 5 4 3 5 3 1 3 4 4 5 6 3 3 5 5 8 3 6 4 5 5 5 3 4 5 3
2 5 6 5 6 5 9 6 5 14 0 4 7 -3 5 5 10 4 7 2 2 11 3 6 3 4 7 2 4 7 6 6 2 4 6 4 4 5 9 5 7 6 5 5 6 7 8 10 5 6 5 7 5 1 5 3 5 7 3 7 9 4 4 5 4 7 3 5 3 2 6 5 5 4 6 3 5 9 5 4 0 7 5 4 5 4 5 7 6 2 4 7 6 0 3 7
5 6 5 6 4 6 5 5 0 12 4 5 4 11 5 1 5 2 5 -2 5 8 5 4 2 3 7 4 4 6 5 6 4 4 4 7 2 1 6 7 5 5 3 6 4 7 6 8 8 5 7 6 5 5 5 6 5 4 5 3 4 5 5 7 2 7 4 5 2 4 5 5 7 1 6 2 7 4 6 6 2 5 5 5 3 4 4 7 4 4 5 4 4 1 5 5
2 7 5 5 6 7 4 3 8 0 0 -2 6 4 5 2 0 5 2 5 1 4 2 7 4 2 3 4 6 5 6 6 3 5 4 4 3 4 4 6 4 6 7 6 8 8 5 4 5 6 7 6 5 6 5 8 5 4 4 2 5 7 3 5 6 0 7 5 3 6 4 4 5 5 6 4 3 4 6 6 4 6 3 6 3 5 5 3 5 4 3 3 6 5 7 5
0 6 4 8 6 7 2 4 6 0 0 3 6 4 6 1 5 6 1 5 6 6 6 4 4 0 4 3 4 3 8 7 6 4 4 1 5 6 5 6 3 4 6 6 5 6 8 6 4 3 6 5 6 5 7 7 7 8 5 7 6 5 4 5 2 5 6 2 4 4 2 5 2 2 7 2 5 5 5 3 4 6 7 6 5 3 4 1 2 4 4 6 4 1 2 4
2 4 4 6 8 6 4 4 2 7 4 3 4 4 15 4 6 1 2 3 3 7 1 5 5 4 5 1 2 3 3 4 3 6 3 6 5 7 6 7 3 3 4 5 4 4 4 5 2 5 5 8 7 3 4 7 5 5 5 5 7 4 3 2 4 6 0 4 1 6 5 6 5 9 6 2 4 2 4 4 6 6 6 3 4 2 4 2 4 0 5 5 1 4 4 4
7 5 4 1 7 7 3 4 4 4 9 7 5 3 1 2 9 6 4 3 7 0 8 5 5 4 4 7 5 5 7 6 7 6 5 6 5 5 6 8 6 6 6 2 5 8 4 5 1 9 5 4 6 4 6 1 4 6 7 4 5 6 8 5 6 4 5 3 5 5 6 4 4 7 3 3 4 3 4 5 4 4 4 4 4 7 2 5 1 4 5 5 3 3 4 4
4 5 5 7 6 5 8 4 0 4 6 1 1 3 0 1 2 4 7 1 -1 3 3 6 5 3 3 5 5 7 4 5 4 5 4 2 6 6 5 5 6 2 5 8 5 8 4 7 5 5 5 4 4 3 3 3 6 5 5 5 3 3 5 5 7 6 3 3 7 5 6 6 5 4 3 5 5 4 4 6 3 3 3 6 4 5 3 5 5 2 4 5 3 1 5 2
0 5 7 6 5 6 3 6 5 3 2 2 6 4 6 4 2 3 7 5 3 5 5 5 7 4 5 5 6 6 3 2 4 2 5 4 4 4 7 7 6 6 6 7 6 6 2 5 6 5 5 7 5 5 5 1 2 4 6 5 6 5 4 5 5 9 5 7 5 7 4 6 6 1 3 3 2 6 5 3 3 3 5 4 5 2 3 2 4 3 4 3 2 0 4 5
6 7 7 6 6 7 6 6 7 5 1 2 5 2 4 7 11 11 4 4 -2 6 5 7 4 6 1 3 7 3 3 6 6 2 4 3 5 4 6 8 5 5 7 5 7 6 6 7 5 2 4 3 4 7 3 5 6 6 3 7 7 3 6 4 2 10 4 4 4 1 0 4 4 4 2 4 5 3 2 1 5 2 3 4 4 4 4 1 5 4 2 5 4 3 1 5
8 8 8 4 5 6 3 1 8 0 1 5 5 5 6 -2 5 4 5 2 3 6 2 4 11 3 6 8 5 3 6 4 5 6 4 2 3 2 6 8 5 3 5 7 3 7 4 4 4 3 3 6 5 6 7 6 6 4 5 6 6 3 6 6 6 3 4 3 6 6 2 0 3 7 4 4 6 5 6 2 4 5 3 7 4 2 4 3 4 7 5 5 3 2 4 6
6 6 5 5 6 4 6 7 10 2 11 -7 -3 5 8 5 4 2 3 4 3 7 3 5 2 5 5 5 6 5 2 5 6 8 5 3 2 5 2 3 5 7 6 5 3 5 4 5 4 1 3 3 5 6 9 9 6 3 8 6 5 3 5 4 5 4 6 4 1 5 2 7 4 5 8 3 5 5 3 2 4 2 7 5 1 2 4 5 3 3 3 1 5 3 5 3
6 2 5 7 7 10 4 5 5 -1 5 -1 5 6 6 4 5 3 0 3 7 5 5 4 4 5 4 5 4 3 4 7 5 6 4 5 3 5 3 6 5 5 4 5 7 5 5 5 6 4 6 5 6 6 5 3 4 5 3 5 4 7 5 2 7 3 8 5 2 6 6 4 5 6 4 5 7 4 5 3 3 3 5 6 4 1 4 4 3 4 4 3 4 3 1 5
11 7 -4 5 6 6 4 6 2 4 9 4 2 5 3 4 8 5 1 4 2 2 10 6 6 4 4 5 5 6 5 5 2 4 5 3 3 3 4 7 1 5 6 4 4 7 6 3 5 4 4 2 8 6 3 6 4 4 5 7 4 6 6 3 5 5 7 6 4 3 1 3 5 5 4 4 5 5 4 3 6 5 2 2 2 2 3 4 4 2 2 5 3 2 3 6
8 7 7 2 6 1 2 2 9 8 6 3 5 4 4 5 2 5 3 4 3 2 15 9 2 6 7 6 6 7 7 5 6 5 8 3 5 5 7 6 4 1 4 5 4 4 5 5 3 6 5 3 1 2 6 6 5 5 6 4 3 6 6 5 4 5 5 6 5 5 4 3 2 5 8 6 4 3 2 4 2 4 4 2 4 1 5 5 5 5 4 3 0 5 4 6
6 13 7 3 9 2 4 9 8 10 9 7 5 6 5 9 4 3 6 3 4 5 3 6 5 7 10 6 5 7 6 3 7 4 6 4 5 2 6 4 4 4 5 4 5 5 4 6 6 5 2 3 6 6 7 3 4 4 4 4 3 5 5 4 5 5 3 1 1 1 5 7 4 4 5 3 5 2 4 2 2 3 1 5 2 5 3 3 6 6 4 1 5 4 5 4
6 5 2 3 3 10 -2 8 5 9 8 5 3 4 8 6 4 3 3 5 4 6 3 4 6 3 6 0 4 4 -1 4 4 5 4 3 4 4 6 4 9 3 2 3 5 3 5 4 6 1 4 3 10 5 4 4 3 6 3 6 6 6 6 2 4 6 3 3 4 5 5 5 5 6 6 4 0 4 4 4 3 4 4 3 3 3 3 4 2 5 4 -1 1 4 6 6
4 6 4 7 5 2 6 4 6 5 4 4 9 5 5 3 4 3 4 9 4 6 5 4 6 2 5 3 5 6 3 4 7 5 7 6 10 7 6 5 4 5 2 3 2 4 5 7 5 1 7 3 1 6 4 4 4 4 5 4 6 5 4 5 2 6 3 4 3 6 5 9 3 4 5 5 4 4 5 3 4 3 5 2 3 5 3 1 3 3 5 1 1 7 5 6
1 8 6 7 7 10 -20 6 6 6 4 5 6 4 6 7 6 4 5 4 5 7 6 5 4 6 6 7 4 5 6 6 6 5 6 0 2 6 4 6 2 5 2 3 3 3 5 4 3 6 1 4 8 4 5 3 8 5 7 6 5 4 3 -1 0 4 4 6 4 6 5 4 5 3 6 6 3 4 4 2 4 6 5 4 6 5 4 4 1 2 3 3 2 5 5 4
18 8 0 2 6 -4 5 -2 3 9 4 7 6 6 8 5 7 7 5 7 6 4 6 3 6 3 4 2 3 5 6 4 7 4 8 2 3 4 5 8 4 4 5 2 4 3 5 7 6 7 3 2 5 2 5 2 6 6 4 6 2 4 4 6 5 2 6 5 6 3 7 4 7 5 2 4 6 6 5 4 6 4 3 1 6 3 6 6 2 4 2 4 4 2 4 3
3 4 -1 5 5 6 6 5 5 6 7 8 6 8 7 5 7 6 5 7 6 3 5 5 5 3 6 8 5 6 4 4 3 4 4 7 1 3 2 5 4 5 4 4 8 6 6 3 6 6 2 8 3 3 -1 3 4 4 5 3 3 6 6 3 4 4 6 5 4 4 4 4 5 6 4 4 5 4 0 3 6 5 3 0 5 2 7 5 2 6 2 5 3 2 5 3
3 5 8 7 5 12 6 5 7 7 8 8 6 7 6 7 4 5 3 1 3 6 3 6 4 7 5 3 5 4 7 5 7 3 6 4 5 5 4 5 6 5 6 4 5 5 6 3 4 6 4 5 6 3 6 6 6 7 3 5 6 5 4 5 4 2 6 7 3 6 5 6 5 6 4 4 -1 3 5 2 3 5 6 3 5 3 2 3 4 4 5 -3 3 2 6 2
6 3 2 3 8 3 5 7 7 8 7 8 7 6 4 7 6 6 6 5 6 8 4 4 4 4 5 8 4 6 6 5 5 6 5 3 3 5 10 2 4 3 5 4 6 3 6 6 8 5 5 4 5 5 4 6 6 5 4 4 1 5 5 5 1 4 5 5 5 7 7 4 1 5 2 3 3 2 3 3 2 4 7 3 3 6 3 5 5 2 4 5 0 3 1 3
9 9 7 3 4 9 4 1 7 6 5 4 6 7 4 7 9 7 5 7 -1 5 4 5 2 5 6 6 6 9 7 4 1 1 6 7 6 4 2 6 6 1 5 3 6 4 1 6 3 4 3 3 3 5 4 4 4 5 5 4 5 4 4 4 2 3 3 5 5 4 4 5 6 3 5 4 4 4 5 2 4 3 4 3 0 5 3 5 4 2 2 4 2 0 3 6
8 5 8 6 7 6 9 9 6 8 7 10 7 6 6 7 6 9 7 7 5 4 8 4 7 5 7 7 6 7 3 4 4 5 6 7 6 3 6 4 3 4 4 4 7 1 5 6 5 5 5 3 4 3 1 5 5 3 4 3 3 5 5 5 5 3 4 4 5 5 5 4 5 3 3 3 2 1 2 5 3 4 4 6 1 4 2 3 4 7 5 2 1 3 3 2
7 5 11 9 5 4 6 8 4 8 6 6 9 8 2 5 6 4 5 4 6 7 5 5 9 7 5 7 6 5 6 4 5 4 7 3 4 6 3 4 6 2 3 6 5 4 5 5 5 4 5 1 6 4 1 2 4 3 10 5 3 4 2 4 5 7 5 2 3 6 4 5 3 5 4 6 6 5 4 6 5 7 6 3 5 5 3 4 4 3 4 3 4 4 4 1
6 5 7 14 -1 3 5 5 -2 7 6 8 6 7 6 7 6 5 5 8 5 4 5 4 5 3 6 5 3 9 7 9 3 8 5 7 4 5 4 6 6 4 4 7 5 5 2 4 3 4 5 3 5 5 1 6 4 7 3 3 4 3 5 3 4 4 5 4 5 4 4 5 4 6 4 5 4 5 4 5 4 3 4 2 4 2 5 5 3 2 0 1 4 3 2 2
7 5 5 17 5 -1 5 8 7 0 7 6 5 5 8 5 5 7 1 3 7 6 7 9 8 6 -1 6 6 9 0 5 5 4 4 5 -2 2 2 4 6 3 5 2 3 2 5 1 2 -1 -1 4 4 3 1 7 4 4 5 1 3 5 0 6 0 4 4 3 6 5 4 4 4 9 5 4 5 6 8 4 5 4 0 5 3 5 3 5 3 2 4 6 4 5 2 3
5 5 7 7 6 1 4 1 0 0 0 1 4 7 5 5 7 8 5 1 7 7 7 8 7 6 4 5 7 3 5 5 3 4 5 3 5 4 6 4 6 6 5 2 5 3 5 5 5 2 0 4 2 1 3 3 3 4 6 3 5 5 3 4 -1 1 2 4 3 4 6 1 5 7 3 5 6 6 4 5 2 3 5 2 4 5 4 2 4 5 4 5 4 4 5 3
6 2 6 5 6 12 8 3 5 6 -1 4 5 6 5 9 6 4 5 8 5 6 6 7 5 5 6 8 2 7 7 4 7 4 6 6 2 5 4 4 5 5 4 4 7 5 3 4 7 1 3 2 2 4 6 6 5 4 5 4 5 5 5 4 3 1 -1 4 6 2 4 2 4 7 6 5 2 3 2 2 4 1 6 4 3 2 4 4 4 5 2 1 7 3 5 2
6 6 5 3 5 9 0 8 6 7 1 6 4 1 3 6 8 2 3 5 7 11 8 6 5 6 4 3 6 5 5 7 8 8 6 7 4 2 1 4 5 3 4 5 4 3 2 5 1 4 5 5 4 0 3 5 5 5 5 4 3 3 4 4 2 5 5 6 5 2 2 3 5 5 5 5 2 3 5 7 5 2 4 5 5 5 4 5 -1 5 3 2 4 2 0 1
6 6 9 3 6 9 5 4 0 7 13 7 4 4 5 8 7 4 7 4 5 6 6 5 6 6 4 5 8 7 7 5 7 6 2 8 3 8 2 3 3 3 13 5 7 4 5 7 7 3 3 3 2 -1 3 2 4 6 3 3 3 2 3 5 3 5 4 5 2 4 3 4 3 0 6 4 5 3 5 3 3 2 4 7 5 4 3 4 3 2 5 2 4 0 1 4
4 7 10 6 7 4 5 6 3 7 5 4 0 7 4 5 7 5 3 6 6 8 9 3 5 4 4 2 -3 3 8 3 8 3 6 -1 6 7 5 2 6 6 5 4 5 6 3 7 5 5 -1 3 4 2 3 5 4 3 5 5 4 3 3 3 2 6 3 2 4 5 3 6 6 3 2 6 5 4 5 4 2 4 6 3 3 0 3 3 3 4 -1 3 5 2 1 5
5 -1 8 7 10 6 5 5 -4 7 5 6 6 7 5 3 5 4 4 4 5 6 5 3 1 7 3 4 7 5 5 6 4 4 2 3 7 7 7 -1 6 3 5 2 4 2 6 3 1 4 1 5 5 1 2 -2 4 1 5 2 4 4 5 4 3 3 5 3 5 5 5 4 2 3 5 4 2 4 3 5 7 4 3 4 7 6 3 4 3 3 5 3 5 3 3 4
8 4 4 9 2 5 5 5 8 7 7 7 8 7 6 7 7 5 4 6 7 6 4 4 6 7 6 5 4 7 8 3 0 3 4 5 3 5 4 4 3 1 6 6 3 4 7 2 4 4 4 6 7 4 1 6 4 4 0 2 2 1 2 3 4 5 5 5 4 3 5 8 2 5 5 4 2 1 2 3 2 5 4 5 5 4 3 4 1 4 4 4 3 4 5 4
1 16 3 4 -2 9 6 4 8 8 5 6 7 7 7 5 7 11 7 9 6 6 2 6 7 4 8 4 3 3 4 4 6 5 2 5 3 4 4 5 2 6 5 4 2 4 2 8 3 2 5 3 5 0 5 5 5 4 -1 1 2 4 5 4 4 4 3 6 2 3 3 4 6 4 7 4 3 2 4 3 4 6 6 3 4 2 2 3 4 4 3 5 3 1 5 5
9 5 5 2 5 3 4 6 4 7 6 6 9 9 6 8 10 4 4 4 6 12 6 5 6 6 9 7 5 4 8 8 4 6 -2 5 6 7 3 5 5 4 6 5 3 5 3 3 7 5 7 5 3 11 5 5 5 4 6 4 3 4 4 4 4 4 3 4 2 6 2 4 2 3 3 2 5 6 2 3 4 5 5 2 4 4 3 5 4 4 5 5 5 4 6 6
5 3 2 5 3 6 7 4 6 7 5 7 11 12 6 9 3 5 3 5 4 0 6 8 6 6 6 6 9 5 4 2 -5 3 4 6 3 6 1 2 5 5 0 1 3 3 5 6 -1 3 3 6 3 2 4 4 5 5 3 3 2 5 4 5 1 6 4 4 5 4 5 3 5 3 2 2 2 5 3 3 6 4 5 3 4 5 5 4 2 5 4 5 4 5 5 6
9 4 -3 4 8 5 1 5 9 7 6 11 8 5 6 2 8 5 5 8 -2 4 5 5 8 8 4 5 7 -1 -10 6 1 6 5 5 7 4 -1 4 1 3 3 6 5 5 8 6 3 1 4 2 4 4 4 2 4 5 4 2 3 3 3 4 3 3 4 3 2 3 5 1 2 3 4 1 3 4 4 5 6 5 6 6 6 4 4 5 3 4 6 3 2 5 2 3
12 2 7 3 8 6 5 5 6 10 9 7 8 6 6 8 5 8 5 3 4 6 8 4 5 6 9 4 4 2 3 3 9 6 7 4 2 4 3 2 3 3 5 4 5 1 6 3 1 3 3 4 1 2 2 3 4 6 6 3 4 4 1 3 2 4 5 5 9 2 3 3 4 4 5 5 4 5 5 6 5 7 5 0 3 4 3 5 5 6 3 5 4 1 3 3
3 7 4 5 4 3 4 5 6 5 5 11 10 2 5 3 15 8 4 3 6 5 2 4 1 3 4 4 5 1 -2 6 2 5 6 8 8 6 3 3 5 3 4 3 8 5 3 2 4 4 4 5 5 4 4 4 3 4 3 5 4 0 3 2 3 3 4 6 3 3 3 3 5 2 4 3 6 3 5 4 2 0 3 2 2 3 5 3 4 4 5 5 3 2 5 4
3 6 6 2 2 7 2 -5 2 4 6 11 8 5 5 10 3 12 6 5 6 4 6 7 5 4 4 3 5 5 2 5 6 4 8 7 5 5 6 6 7 6 6 6 -1 2 4 4 -1 -1 5 7 6 4 5 5 5 4 3 4 4 5 2 5 3 2 5 3 5 3 0 2 5 4 2 4 5 4 2 5 5 2 4 3 3 3 4 4 4 5 6 5 5 5 6 3
-4 5 4 0 7 19 -3 1 5 5 6 7 8 6 4 2 3 0 -1 8 6 3 5 2 5 5 4 4 4 4 8 7 7 5 5 2 3 7 4 4 7 6 5 4 3 5 5 3 7 4 2 6 4 4 3 3 5 2 2 3 0 5 3 -1 3 5 4 4 5 4 4 4 4 3 4 1 1 1 6 3 2 2 5 8 0 2 3 4 4 6 1 5 5 5 6 1
10 3 7 7 6 7 1 5 7 6 6 3 4 8 3 9 6 0 5 2 7 6 6 5 7 3 6 9 6 6 5 8 4 1 6 4 3 7 3 6 2 4 4 4 5 4 3 6 5 3 1 3 3 5 5 4 6 3 4 4 3 2 2 1 5 5 3 3 2 2 3 3 3 2 3 2 3 4 1 5 5 5 5 2 4 2 3 4 3 0 3 2 5 5 5 3
3 6 6 6 7 3 9 5 5 7 7 6 6 6 6 8 10 -1 4 4 7 11 7 3 7 4 6 3 6 5 7 7 3 5 6 5 7 5 0 3 1 3 2 3 4 5 2 3 5 6 4 6 5 8 5 5 5 3 3 4 4 4 3 5 5 2 2 1 2 4 3 2 5 2 2 2 7 5 4 6 2 3 3 3 -1 3 5 4 6 -2 -1 1 3 3 5 4
8 8 7 6 5 8 2 7 6 7 5 7 7 8 10 12 3 5 5 6 8 4 7 5 5 6 7 8 4 6 6 3 10 5 9 8 -2 9 7 6 6 1 4 4 5 5 5 6 5 4 3 0 6 5 7 4 5 3 4 2 3 3 5 4 5 5 4 4 3 5 4 3 5 4 6 2 7 7 1 5 3 1 3 3 3 2 4 2 5 1 3 5 3 5 3 3
7 -4 12 9 4 6 0 5 5 3 4 5 6 7 -1 5 6 5 5 7 7 7 4 4 4 5 4 5 4 3 6 7 6 4 -2 9 1 5 7 4 5 2 10 2 4 1 4 4 4 4 4 6 0 4 6 5 2 4 3 2 5 0 3 2 5 6 4 4 6 3 3 4 4 4 2 4 4 1 2 2 2 3 3 4 2 3 2 6 2 4 5 2 6 1 2 4
3 5 7 6 7 4 4 7 4 3 7 6 4 5 4 8 4 4 5 8 7 5 5 9 4 7 6 1 4 4 9 4 2 9 4 7 6 3 3 5 7 5 3 2 5 2 5 1 2 1 3 4 4 3 4 5 2 3 0 4 3 5 5 5 2 4 3 5 6 6 3 6 5 4 6 4 3 6 5 7 2 3 5 5 4 6 6 6 5 5 1 5 6 2 3 6
5 2 -1 1 6 0 8 5 4 5 8 7 7 6 5 -5 1 8 6 5 4 5 3 4 5 5 4 8 1 6 3 2 6 2 1 0 2 8 2 4 2 3 5 6 7 7 7 5 4 3 9 5 2 3 4 3 1 3 3 3 4 5 3 5 4 3 4 4 5 5 3 3 4 4 4 6 5 5 3 1 4 2 5 5 3 3 3 3 3 4 4 2 4 5 4 3
2 5 6 4 6 6 7 1 -9 10 4 6 8 4 5 3 7 6 9 3 6 4 5 3 1 5 6 6 1 5 4 1 7 5 4 4 2 10 4 5 3 5 5 7 4 4 3 3 2 4 5 1 8 3 5 5 5 1 4 4 6 6 5 2 5 4 3 4 5 6 1 0 3 4 4 1 4 5 5 -3 1 4 5 5 3 3 3 5 7 3 5 4 4 5 2 7
1 11 4 2 1 -1 9 8 3 7 3 5 6 4 5 6 5 4 4 1 5 4 4 -2 4 4 4 3 2 3 1 4 6 2 2 1 7 7 0 4 3 6 4 5 2 2 3 3 5 6 5 3 2 3 5 3 1 2 5 1 4 4 3 6 4 5 2 4 4 2 2 6 4 6 3 5 6 3 3 0 -2 2 3 5 3 0 1 4 1 3 5 5 6 5 2 3
5 2 7 6 7 7 8 8 1 -3 13 1 3 6 4 7 7 6 4 3 -2 12 5 2 3 5 5 5 6 2 5 4 5 1 6 1 5 3 2 0 5 6 4 7 3 6 4 5 2 1 6 4 4 2 4 4 5 4 4 -2 3 3 6 6 4 7 2 4 5 5 3 3 4 4 2 1 3 5 2 3 4 1 1 0 4 3 2 2 3 3 3 5 6 5 2 1
3 8 7 7 6 -1 4 5 3 7 4 7 5 6 6 6 5 9 9 3 1 5 5 6 6 8 7 2 4 1 4 2 5 3 7 2 7 11 5 5 8 4 6 5 5 3 3 5 -2 2 3 5 3 1 4 4 4 3 2 4 2 3 3 1 4 3 4 4 5 6 3 4 2 5 4 5 2 2 3 2 3 2 5 2 3 4 5 2 6 3 7 3 7 5 9 6
7 6 8 5 5 7 1 6 3 8 13 4 7 3 8 9 5 8 3 3 3 5 1 4 4 3 5 2 2 5 4 9 2 3 5 5 11 7 5 3 5 4 5 6 6 5 5 5 4 4 2 1 3 4 4 4 5 2 4 8 3 1 4 5 3 2 4 5 5 5 4 4 3 5 6 4 2 4 3 5 2 1 2 2 4 5 4 5 5 5 0 1 3 4 2 3
5 8 6 3 7 5 5 7 8 4 6 1 5 4 7 7 5 4 5 2 4 4 1 4 9 6 3 8 4 6 3 3 3 6 4 5 9 2 3 4 1 5 4 4 6 5 4 4 2 4 6 3 6 3 2 4 7 4 7 4 7 3 3 5 6 5 4 2 5 4 3 3 3 4 3 3 2 6 4 5 5 4 3 4 4 5 3 6 4 1 2 3 4 4 0 4
8 9 6 4 5 7 6 7 6 4 1 4 5 8 8 6 5 2 5 4 6 1 3 3 4 3 12 8 9 5 5 4 7 1 3 9 3 3 5 4 3 4 5 6 5 4 6 4 4 5 5 5 3 5 4 4 4 4 7 3 4 1 5 3 4 5 3 1 3 3 4 5 4 6 6 4 4 3 7 5 1 3 2 2 6 5 7 2 4 -1 2 4 4 0 3 4
7 8 4 7 5 6 7 8 5 21 6 3 4 2 6 5 3 -3 5 5 4 4 4 2 5 10 2 6 4 5 4 3 6 6 6 2 4 1 6 4 3 4 6 4 7 3 4 7 6 5 4 2 5 3 5 5 3 5 3 9 3 4 4 4 3 4 7 4 4 5 4 4 3 5 5 2 4 1 1 4 5 3 4 5 5 2 4 4 7 5 1 6 5 4 3 5
7 4 0 6 2 5 7 2 7 9 6 5 2 5 4 5 7 3 3 5 3 5 11 4 5 7 7 8 5 4 5 5 5 6 5 5 5 3 3 2 4 6 5 5 4 3 5 7 4 6 4 2 6 3 7 4 2 2 3 5 3 6 2 2 2 5 5 4 3 3 3 4 4 1 7 5 4 2 1 4 2 5 4 2 7 5 6 6 5 7 3 5 6 2 5 7
7 5 5 4 3 6 5 5 3 10 5 4 6 4 7 7 6 10 3 6 0 7 3 5 4 5 6 -2 1 6 6 4 3 6 6 1 7 1 1 0 3 3 4 4 5 8 2 2 4 4 1 5 4 6 6 6 6 5 3 5 4 6 4 5 3 4 4 2 4 4 5 5 4 3 3 3 5 3 1 4 5 1 0 5 5 6 1 3 5 3 6 6 5 3 1 2
7 5 5 4 8 4 -2 5 1 11 6 4 4 6 4 8 3 3 1 -2 -1 3 4 4 5 7 10 3 1 -1 3 5 6 3 2 3 3 4 3 2 5 6 5 3 5 2 3 6 2 2 3 5 4 4 5 7 6 5 5 3 3 3 4 4 2 6 4 5 5 3 2 5 5 4 5 2 4 2 2 4 4 5 5 3 5 6 1 4 3 7 0 5 6 4 4 4
8 3 5 5 8 3 5 5 4 4 -1 5 6 5 2 6 5 4 4 7 5 6 5 5 6 6 3 16 4 5 6 5 6 5 2 5 3 5 3 1 5 3 3 3 7 4 4 3 6 6 4 2 6 2 7 3 5 4 5 4 5 2 5 3 3 6 4 5 5 2 5 4 6 3 2 2 5 4 3 1 2 4 8 5 5 2 3 3 6 3 5 4 2 2 0 -1
6 4 3 7 4 3 6 6 6 6 4 8 4 6 4 6 5 4 4 4 5 2 7 4 5 4 11 2 3 -3 5 5 5 8 4 5 6 2 2 4 7 5 2 4 7 3 2 0 5 0 6 6 3 3 5 7 4 2 8 5 3 4 5 4 5 4 2 5 5 4 1 3 3 7 6 4 6 3 2 3 2 3 1 5 5 3 2 1 5 6 4 4 3 -2 4 2
3 4 3 3 5 1 3 6 4 3 3 2 3 6 4 3 6 3 5 5 3 6 6 9 3 3 2 6 1 3 1 3 4 3 5 3 2 2 8 2 2 5 3 5 5 4 4 4 6 2 3 2 3 3 6 -1 2 6 3 4 5 5 2 3 2 6 6 5 2 2 7 6 2 6 5 6 4 6 4 5 6 4 2 2 4 3 3 5 5 2 5 2 3 5 7 3
3 4 3 4 4 4 5 5 3 6 1 9 5 4 10 6 3 4 3 5 7 7 5 5 6 0 1 4 2 -1 4 6 3 4 3 -1 2 6 5 2 4 6 5 0 5 4 6 3 3 1 4 3 1 3 2 4 1 18 2 5 5 6 4 3 5 2 2 5 5 3 3 6 4 4 3 4 3 5 4 0 4 4 3 7 4 4 3 6 7 5 1 3 3 5 4 3
4 4 5 4 5 10 1 7 8 5 4 13 8 3 5 -2 8 4 3 3 5 2 5 4 7 -1 1 -2 -1 4 5 6 6 4 3 2 2 5 5 5 1 3 2 4 2 5 5 5 2 3 7 2 2 2 3 3 6 6 4 6 5 4 2 4 5 5 4 4 6 5 5 4 4 5 2 4 1 2 2 2 0 3 2 1 5 4 3 1 2 2 4 4 1 4 1 5
