WaterManagement/includes/DEM/bhh_dem.asc
ncols        337
nrows        243
xllcorner    584972.784332102165
yllcorner    2277797.995235871989
dx           240.267062314540
dy           240.740740740741
NODATA_value 0
[rows 162 to 242 of 243, columns 0 to 95 of 337]
0 4 5 -1 6 9 7 3 3 6 2 4 5 -1 10 6 5 4 12 6 3 -1 3 6 6 1 8 5 7 6 3 6 0 4 4 11 6 10 5 6 4 10 11 6 9 7 11 8 8 2 6 9 5 11 5 2 5 8 7 16 12 14 8 8 3 3 3 10 10 2 10 7 5 7 8 7 6 7 7 6 4 6 5 6 -3 1 8 4 3 -3 6 3 5 3 3 8
5 3 -1 2 6 4 8 5 4 7 5 8 7 3 5 5 5 4 7 7 4 7 6 4 1 6 3 5 5 6 8 8 12 5 6 3 9 10 8 9 8 7 7 5 6 8 10 9 5 6 7 11 7 10 5 8 6 8 6 4 11 15 12 11 1 3 3 10 7 2 9 10 7 12 5 6 6 6 8 8 4 7 5 3 4 0 10 3 6 8 5 5 7 9 3 3
3 6 5 1 9 8 4 7 5 4 9 2 7 6 10 2 2 7 7 4 7 -1 3 7 4 7 7 9 3 7 7 5 8 8 11 10 8 12 9 9 12 10 4 6 11 7 9 10 8 6 14 7 8 10 10 6 9 8 5 9 10 15 9 8 4 4 3 7 6 7 7 8 7 6 6 8 8 2 7 6 8 5 6 3 5 6 7 5 4 6 5 4 5 6 11 7
3 7 3 -3 4 5 9 6 4 6 7 5 6 5 8 6 7 7 3 6 5 8 2 4 10 5 7 10 6 7 7 18 6 4 3 6 8 10 7 8 2 6 5 5 6 8 11 9 6 3 8 10 8 4 9 7 8 5 3 6 3 8 12 16 8 4 3 4 13 7 7 5 7 9 7 8 4 5 8 8 7 2 6 4 4 7 7 6 2 2 7 5 4 13 5 3
4 3 7 3 4 3 8 9 6 3 3 8 3 6 5 3 5 5 6 4 5 9 2 10 9 8 11 19 5 6 5 6 7 8 8 7 6 10 6 7 9 6 9 8 7 10 3 6 9 0 8 8 11 8 7 3 4 9 4 9 7 9 12 11 10 3 11 8 7 8 7 5 9 10 9 1 6 2 8 3 7 6 10 3 5 5 6 3 5 5 6 7 12 8 8 3
2 5 -5 5 9 3 6 6 10 7 6 5 5 2 10 8 10 13 5 8 3 6 3 13 10 7 11 6 4 6 9 5 5 8 9 3 7 4 6 7 8 8 10 7 6 11 3 7 8 9 7 9 6 10 8 8 5 -5 9 4 8 5 9 15 8 3 7 9 5 7 6 8 3 5 6 2 7 9 10 7 9 6 12 5 3 5 5 6 6 7 4 0 9 6 4 5
5 3 3 5 5 4 6 7 8 4 8 5 2 5 4 7 0 3 9 1 5 2 5 7 8 8 7 6 5 4 6 4 6 5 2 8 3 5 2 7 4 9 12 11 7 7 6 10 12 5 8 5 7 8 11 8 8 8 4 3 7 9 21 12 9 3 8 7 8 6 8 6 9 6 5 8 5 6 7 6 3 1 5 5 6 8 7 4 8 4 4 6 6 3 2 4
5 6 4 9 8 7 6 5 6 5 4 8 9 8 1 7 7 3 4 5 4 10 10 6 7 0 7 3 4 6 9 4 7 3 1 7 4 6 6 7 8 8 3 5 11 10 8 9 8 10 10 6 6 4 10 19 7 9 13 6 7 8 13 11 3 3 11 9 8 7 10 7 6 7 10 2 4 5 3 6 4 6 5 5 4 5 6 8 6 9 4 4 4 6 4 4
-1 0 6 2 4 6 8 6 7 7 10 9 8 7 3 5 7 4 6 6 5 1 2 8 8 5 8 11 8 5 3 4 6 12 7 4 1 -7 5 6 4 10 3 8 2 8 6 9 7 5 7 9 6 5 0 6 5 8 8 6 3 7 14 8 3 3 9 6 9 7 6 7 8 6 6 7 4 5 7 6 4 7 6 6 4 3 5 8 5 7 4 4 4 6 4 4
3 10 5 2 8 6 3 4 4 3 6 4 2 5 8 9 9 5 5 3 7 9 2 5 11 4 5 7 9 4 7 8 3 10 9 3 4 4 0 5 4 9 8 0 6 8 10 7 7 6 8 10 7 3 8 2 7 13 3 8 6 6 8 10 3 3 8 10 10 5 4 8 7 6 7 7 6 3 7 3 4 6 6 6 6 3 7 3 4 4 6 4 3 7 4 4
1 10 4 5 3 4 6 5 6 5 3 5 6 7 7 0 9 4 7 9 9 4 4 7 8 9 8 6 19 5 8 6 6 8 3 7 7 10 -6 5 2 11 1 6 11 0 5 6 2 5 8 9 11 3 -1 3 7 5 4 3 1 7 9 11 3 3 14 11 12 9 7 4 5 7 7 7 8 6 3 9 4 5 3 3 5 5 6 4 9 3 2 5 4 6 4 2
6 9 10 9 3 5 3 9 7 8 -1 9 2 4 2 3 12 5 8 5 8 11 6 8 6 4 2 1 10 10 11 8 7 5 1 9 1 7 7 8 5 6 5 10 9 4 5 5 6 3 4 8 5 3 5 4 -2 3 1 -5 8 8 12 12 3 3 3 11 12 9 6 7 6 7 8 7 4 0 21 3 3 6 5 5 7 3 5 1 5 1 3 6 3 8 6 6
6 -3 13 8 2 6 4 8 5 5 8 13 12 5 12 7 9 6 6 8 14 5 5 6 1 4 6 7 5 -5 9 0 6 9 9 4 8 4 7 1 13 11 13 8 1 14 -1 5 3 9 5 6 5 8 9 5 8 -3 5 4 8 5 11 12 3 3 3 13 9 7 10 6 9 7 7 2 5 6 5 7 5 5 6 3 6 5 5 6 5 5 4 4 6 2 4 7
3 2 4 6 6 10 1 4 6 6 6 10 5 6 6 5 6 8 7 8 5 6 6 12 9 6 3 5 1 3 10 10 11 10 4 7 2 7 7 11 7 8 6 10 12 10 6 6 7 9 1 6 7 10 -10 7 11 11 10 7 8 6 9 11 3 3 3 15 14 14 11 10 5 -2 9 -22 7 1 3 -2 -2 6 10 5 2 3 9 3 6 0 5 9 3 4 3 6
9 5 5 -5 4 3 5 1 7 4 12 1 2 5 9 8 7 3 4 6 7 4 7 9 11 4 4 2 1 8 7 7 13 -6 10 7 8 4 6 5 8 8 5 9 9 3 7 4 9 6 7 15 7 3 8 10 7 9 10 8 6 7 6 12 3 3 3 13 11 12 10 2 8 6 15 6 6 4 2 11 7 8 -8 0 3 4 4 11 3 4 6 7 4 -2 2 5
6 8 9 7 7 6 6 0 5 4 0 0 7 4 5 6 1 1 3 5 3 7 7 9 7 8 6 5 7 7 5 8 4 6 4 8 6 7 6 9 2 8 8 3 9 9 4 1 5 5 8 5 6 -9 12 6 11 7 12 8 5 8 6 8 3 3 3 11 10 9 5 6 11 7 4 6 4 6 3 10 1 6 6 6 10 8 8 7 8 3 5 5 -1 1 2 2
5 2 7 8 4 4 6 7 5 9 8 8 8 5 7 3 7 3 6 4 5 5 8 2 4 8 6 3 7 9 4 4 6 6 5 9 7 1 3 5 1 9 8 8 7 6 3 0 7 10 7 4 7 10 8 8 3 -3 1 4 -3 10 7 10 3 3 3 12 10 8 4 7 3 2 6 0 5 4 10 2 6 16 7 6 6 25 8 2 2 6 7 5 5 5 2 10
4 7 4 6 5 4 8 10 6 10 7 8 7 8 5 3 5 4 10 7 7 7 5 8 8 7 5 6 7 7 4 7 7 9 5 7 5 10 8 8 6 10 8 8 7 8 11 8 6 9 13 8 5 9 6 9 3 2 6 9 -3 10 11 5 3 3 3 3 13 10 10 6 5 11 -1 2 -1 2 9 8 2 -2 24 8 9 3 9 9 2 12 6 -8 2 3 2 -2
5 7 4 4 7 5 4 7 4 7 9 10 4 6 7 6 5 4 4 8 13 5 0 8 6 9 9 3 3 8 11 2 5 9 5 9 6 10 6 5 6 12 9 9 2 2 4 1 7 4 4 5 9 3 4 6 4 8 8 3 6 8 9 9 3 3 3 3 11 8 8 10 9 4 9 4 5 10 6 6 4 2 7 1 4 7 5 0 5 -2 3 7 5 5 2 3
6 5 7 5 8 9 8 3 7 12 10 5 4 12 7 7 9 8 3 8 4 2 5 3 9 6 0 6 6 10 11 2 8 5 5 10 7 8 0 8 3 7 8 5 8 4 8 -1 9 10 6 1 9 -2 0 0 6 9 7 10 4 1 4 7 5 3 3 3 3 8 11 10 8 8 9 3 7 3 6 4 7 0 5 7 1 7 3 5 3 1 0 -2 2 5 -1 1
6 6 7 2 7 8 3 5 6 8 12 8 10 5 6 5 2 8 5 7 5 1 -1 10 5 8 2 3 5 5 5 4 8 5 6 6 10 6 11 5 5 8 6 9 7 9 6 3 9 0 19 2 8 5 11 11 3 4 6 6 6 9 10 3 11 8 3 3 3 8 12 10 10 6 8 9 7 7 9 4 6 5 6 8 5 3 4 2 11 -4 9 9 6 3 2 1
4 7 7 7 7 7 9 3 3 12 5 5 9 6 4 3 6 7 7 1 6 8 5 5 6 6 5 6 5 11 9 0 8 4 7 5 4 4 6 7 6 8 10 9 10 9 8 8 6 3 -2 1 5 5 -1 2 8 5 1 8 -5 5 3 9 13 8 3 3 3 3 11 11 10 8 7 8 7 6 6 5 5 6 6 6 6 0 4 2 0 -1 11 6 2 3 5 0
7 3 6 5 0 12 7 4 6 8 5 9 6 7 3 1 6 6 3 5 9 4 8 4 2 16 5 6 7 8 9 6 9 5 3 3 8 3 9 9 10 5 6 7 4 12 4 3 8 4 6 2 2 2 6 5 7 5 0 0 1 11 11 5 10 14 3 3 3 3 3 11 7 8 5 10 7 14 11 7 4 10 7 5 5 -13 7 6 10 9 3 0 5 2 4 8
6 4 11 7 7 10 6 9 8 4 6 6 3 9 6 8 8 7 4 7 7 2 5 2 16 7 4 6 8 6 4 12 8 6 5 3 4 5 -11 8 6 7 5 15 4 4 3 9 9 8 3 6 7 9 6 5 6 1 3 -1 -3 -2 10 6 17 13 3 3 3 3 3 11 9 11 10 11 11 12 8 8 9 7 6 4 6 7 3 4 3 7 6 3 1 0 5 5
2 9 5 3 5 3 12 8 10 7 9 9 8 2 3 5 8 7 8 8 9 8 10 6 5 7 4 9 11 9 5 3 8 5 9 5 6 4 3 8 6 5 8 7 2 9 2 2 6 7 8 7 12 4 2 8 6 6 3 3 3 8 6 3 6 10 11 3 3 3 3 3 9 11 12 12 12 8 9 11 8 10 11 9 10 7 8 6 3 8 6 3 4 6 7 6
8 1 5 5 7 7 7 8 8 4 8 7 6 10 7 8 6 4 6 7 8 7 5 3 7 6 8 7 8 3 2 2 4 6 6 8 3 8 9 0 5 6 2 8 6 8 7 10 2 5 9 3 13 11 2 1 5 4 -4 4 2 4 6 10 11 7 14 3 3 3 3 3 10 9 9 12 12 8 11 13 9 9 10 9 8 6 6 9 11 11 8 7 11 7 8 6
8 1 2 9 8 5 8 9 6 9 5 7 6 7 4 5 6 4 5 9 8 7 8 4 7 7 5 4 7 3 6 6 7 9 6 3 3 5 4 5 9 6 7 9 7 4 7 7 3 7 5 5 8 1 3 7 7 2 -2 9 7 9 5 9 3 9 12 3 3 3 3 3 7 7 6 8 7 10 7 7 9 8 10 9 8 8 6 8 6 7 8 5 4 4 11 6
3 7 1 7 1 8 6 7 8 8 10 5 2 7 5 9 8 5 7 4 4 3 0 6 4 4 6 9 6 8 5 3 5 5 10 4 5 6 9 2 5 6 13 7 6 9 4 9 10 7 6 4 1 2 3 5 -1 2 7 12 10 6 12 11 3 9 13 11 3 12 3 3 6 10 5 8 7 7 6 7 6 7 7 5 8 10 9 8 8 7 7 8 8 6 9 7
4 6 5 4 6 6 9 5 8 4 6 7 4 7 10 7 10 5 0 6 6 5 4 4 5 5 6 8 7 6 4 3 9 6 5 3 6 4 4 6 2 8 4 6 6 9 4 1 5 3 4 -1 6 4 4 7 6 10 7 8 6 4 2 8 5 3 11 9 3 3 8 3 3 8 11 8 8 10 10 8 7 5 9 8 10 7 8 6 7 10 6 8 7 7 7 7
7 6 5 12 7 6 9 4 7 7 5 9 6 9 12 7 7 6 5 7 6 3 3 8 7 5 8 5 8 6 4 5 8 3 8 4 7 6 4 5 6 6 8 5 7 11 0 7 5 6 1 6 5 6 7 8 6 9 5 10 10 8 10 2 7 3 14 10 11 3 6 3 3 8 9 10 6 8 8 8 4 7 8 9 5 7 4 12 10 10 12 11 10 8 9 10
6 9 3 6 8 4 3 6 9 5 9 7 7 4 5 4 6 8 4 6 8 8 8 2 5 6 4 4 5 4 4 5 6 4 6 4 8 9 8 5 5 7 3 11 4 20 3 6 3 7 5 3 5 7 7 9 8 9 1 7 6 7 6 7 8 8 3 9 6 10 3 3 3 3 8 8 7 9 6 4 3 3 4 8 8 4 7 11 15 10 11 9 9 11 10 8
10 4 6 5 9 4 4 9 5 6 7 6 5 8 5 4 7 4 5 5 7 6 7 7 6 8 4 7 8 9 9 4 6 6 6 4 6 3 7 4 4 6 6 8 1 4 3 5 7 8 3 8 3 5 5 5 5 9 10 6 5 7 9 6 10 10 3 5 13 7 2 8 3 3 3 3 3 3 3 3 3 3 3 3 3 3 3 6 10 9 11 10 11 8 9 7
8 3 7 6 2 2 9 6 7 6 3 7 6 5 6 8 1 10 6 7 8 5 6 5 7 1 2 2 5 4 8 8 5 6 5 5 4 3 5 4 7 7 6 7 7 3 5 1 7 3 5 6 7 4 2 2 5 5 5 9 1 5 7 6 8 4 4 3 11 9 8 3 9 3 3 7 12 10 3 3 3 3 3 3 3 3 3 6 9 9 6 10 10 6 6 9
3 5 4 7 6 5 3 7 6 3 6 7 5 4 7 6 2 10 6 9 6 5 7 4 4 -1 7 5 4 5 10 7 10 8 7 4 2 4 2 2 1 1 10 11 1 5 7 11 7 4 6 7 5 2 6 6 6 4 7 9 9 10 6 10 6 5 7 17 3 4 4 3 3 12 7 5 6 7 10 3 5 17 10 3 3 3 3 3 3 7 7 10 11 10 10 9
3 8 7 4 5 7 4 6 8 9 5 6 5 7 0 6 5 4 8 8 8 6 3 6 5 6 5 6 6 5 5 10 3 5 4 8 6 5 5 5 4 5 3 8 6 6 8 9 10 7 10 10 1 6 5 2 2 4 9 5 8 7 8 5 8 6 10 4 9 6 7 7 4 6 9 5 8 8 7 4 7 6 12 2 3 1 9 22 3 3 11 8 7 7 9 9
5 5 8 0 8 7 6 2 4 6 5 5 8 8 6 3 6 6 8 7 9 8 6 6 4 6 4 5 5 4 5 7 6 3 2 8 5 4 4 5 7 6 5 5 5 4 8 3 0 7 2 -1 10 4 9 6 5 5 8 7 7 6 7 7 5 7 9 3 6 9 9 7 7 8 9 0 4 4 6 8 8 7 13 3 7 -10 4 0 1 3 3 10 9 5 7 6
8 9 8 10 10 7 11 10 3 5 6 5 5 7 8 5 7 10 6 14 6 5 5 8 6 1 6 1 7 3 5 5 9 11 12 10 8 5 5 6 5 6 7 6 3 5 7 3 11 8 10 -2 3 5 8 6 3 2 5 8 6 4 5 2 4 9 7 5 4 5 5 4 5 5 7 3 -1 6 8 6 12 3 10 6 9 7 7 6 3 10 4 3 7 7 4 9
5 10 7 7 10 6 6 8 9 5 6 5 4 5 6 5 5 8 8 9 6 8 3 15 7 9 6 7 9 5 4 6 6 5 4 2 6 10 7 5 4 0 1 4 7 5 5 7 5 6 3 -1 6 6 2 10 8 -3 5 7 4 6 7 4 8 8 5 4 4 12 7 0 2 6 5 3 4 8 2 4 8 6 7 6 7 5 14 20 8 5 2 3 3 10 7 5
8 8 9 5 8 3 9 8 8 10 7 3 4 6 8 8 7 8 7 7 3 13 9 1 -1 5 5 6 5 8 4 3 7 9 7 5 7 6 7 8 13 5 5 2 5 7 8 9 5 3 5 7 6 5 6 8 8 2 3 5 9 4 8 9 10 8 7 6 8 6 8 3 8 4 6 6 3 7 8 6 7 8 4 9 5 14 8 8 9 6 8 0 3 3 9 9
10 6 3 7 6 5 8 6 6 6 6 5 6 9 4 6 7 5 7 8 4 9 6 6 4 4 0 5 8 13 7 3 5 7 4 6 9 13 8 7 1 8 4 5 5 5 5 8 1 7 4 2 13 7 3 7 -1 8 6 9 8 4 2 4 6 4 5 5 4 5 4 3 5 10 4 9 5 6 9 15 8 6 -9 6 6 8 11 -1 9 9 6 2 4 3 11 8
8 6 6 6 8 8 8 7 9 4 11 5 7 4 6 8 5 5 2 8 5 9 5 11 2 7 10 1 8 4 6 7 4 6 7 4 8 6 9 3 3 4 5 4 6 3 5 6 6 8 4 5 2 3 4 3 6 4 6 7 6 5 7 5 7 8 6 8 4 4 7 4 3 7 9 7 -1 3 7 5 8 5 7 7 0 -2 7 9 8 11 13 12 6 3 3 7
6 8 6 7 10 4 7 3 6 7 8 10 4 5 3 9 4 5 4 6 8 10 6 13 4 2 5 0 11 5 3 7 6 3 5 3 10 8 7 6 4 5 5 4 2 5 8 9 8 9 5 5 4 5 6 4 11 1 5 6 7 5 6 8 6 5 5 4 6 5 6 2 5 8 6 7 3 3 6 4 7 2 5 6 7 6 14 11 8 11 7 10 9 8 3 8
6 9 9 5 5 6 7 9 4 8 5 9 7 9 7 7 5 8 3 10 6 10 7 9 7 4 5 2 -3 9 10 1 4 5 7 6 9 1 1 5 1 3 3 5 4 4 9 -2 2 6 6 5 6 7 5 7 4 -3 8 7 8 5 10 6 7 7 6 5 3 5 6 6 4 5 2 6 8 8 7 5 3 3 2 0 4 11 7 6 13 9 13 9 10 5 3 3
9 5 7 10 7 5 8 6 2 6 6 6 5 5 6 3 5 8 7 7 7 7 7 9 6 -1 1 8 -3 7 3 9 9 5 5 0 8 3 3 6 3 3 2 4 6 6 1 5 4 4 6 4 7 5 6 7 6 4 14 5 7 4 3 6 5 5 7 6 6 4 5 3 7 5 2 4 9 4 7 5 5 8 11 1 -3 7 9 8 9 9 12 9 8 12 3 3
7 9 5 3 5 0 6 5 5 8 10 12 9 8 8 6 7 6 7 8 8 7 9 7 14 2 6 5 5 8 6 5 1 6 6 4 4 9 8 1 5 11 3 7 5 7 6 5 6 7 9 7 4 6 7 4 6 7 2 6 7 8 3 4 5 4 5 8 7 8 5 5 6 4 4 6 -1 4 4 5 6 -3 6 2 -1 5 5 11 12 12 6 10 8 15 9 3
8 8 4 8 9 6 4 4 3 7 6 5 7 4 6 4 6 5 7 5 6 5 6 10 -8 8 8 5 9 6 8 3 2 10 0 6 6 5 6 3 7 9 8 4 3 4 7 5 5 7 -1 5 6 4 -1 -3 6 1 3 8 8 3 8 6 7 6 6 3 8 7 7 8 6 3 5 6 1 5 8 4 9 6 3 2 3 5 6 9 8 9 5 8 9 8 5 3
5 6 5 7 8 3 6 7 8 4 8 6 7 4 5 6 6 1 6 4 7 7 4 8 7 5 5 9 1 4 6 6 8 3 6 6 8 4 4 4 1 7 5 6 1 9 9 3 5 4 3 2 9 4 8 1 5 5 5 7 8 2 5 1 5 5 3 4 7 5 10 8 6 8 8 8 7 5 5 12 -1 11 2 0 3 6 5 6 5 7 12 8 8 9 4 3
4 5 5 4 11 7 6 3 3 3 8 5 5 12 10 7 5 5 0 5 7 9 8 7 9 0 3 9 7 8 8 7 7 6 4 6 8 7 0 7 6 7 -1 6 6 5 7 5 9 4 -7 3 7 6 1 6 6 2 8 9 3 0 16 2 4 8 3 6 4 5 1 8 8 5 7 6 6 3 4 7 5 9 9 4 6 0 2 5 8 11 7 8 7 6 7 3
7 9 9 9 7 6 4 9 4 5 4 1 7 7 5 3 8 1 9 7 7 8 14 7 10 4 4 7 0 5 1 4 4 5 3 6 9 8 7 7 7 5 5 9 2 7 9 5 7 8 6 10 8 8 1 4 4 8 6 7 4 8 -4 3 2 -2 3 7 9 2 3 3 5 6 6 7 3 1 5 9 5 5 7 4 4 2 6 2 6 3 9 6 7 12 3 3
5 9 6 4 6 6 6 6 3 8 7 2 6 7 7 9 7 7 0 1 5 3 3 4 7 6 3 2 4 4 5 6 7 7 7 5 5 6 7 4 9 5 2 6 3 4 0 -1 24 12 2 8 4 5 6 8 6 7 8 4 9 4 9 5 4 10 3 3 6 9 7 5 6 4 3 7 8 5 6 7 7 5 7 4 7 7 4 6 4 6 6 7 3 11 3 3
6 6 4 5 7 6 7 8 8 6 3 4 4 6 8 2 5 4 5 -2 5 7 8 2 6 7 4 7 3 3 6 4 7 7 10 7 5 5 0 7 5 7 5 3 3 7 4 0 6 7 6 3 3 3 8 6 3 0 5 4 9 1 13 7 6 8 3 10 2 3 8 0 7 7 8 5 4 6 4 5 0 5 9 6 7 6 8 2 5 7 10 10 7 8 3 3
5 7 4 4 8 6 5 5 7 9 10 7 10 4 5 8 6 5 8 3 4 7 5 2 2 7 7 6 9 7 1 5 6 7 8 5 2 5 5 3 0 3 3 5 1 5 4 10 5 3 1 7 3 4 7 7 10 6 5 5 7 8 3 9 7 7 2 -4 10 6 4 8 5 3 7 7 5 6 0 9 4 8 5 7 7 4 4 3 7 7 10 8 3 4 3 3
8 4 6 7 5 5 5 6 7 8 6 8 4 5 5 6 8 4 3 8 4 10 7 -2 4 5 5 4 5 5 9 4 5 6 4 6 6 6 6 1 3 4 4 7 1 3 4 5 7 3 2 7 -2 6 5 5 2 4 5 5 4 6 2 2 5 3 -10 7 5 9 8 8 7 9 6 6 4 5 5 6 6 5 6 5 6 4 6 5 6 6 7 8 4 3 3 7
7 7 5 8 9 7 4 9 8 7 6 8 7 8 4 5 6 3 7 9 8 2 7 6 5 8 5 5 6 7 2 6 5 2 1 4 3 4 -1 -3 4 2 4 9 3 1 2 3 0 3 3 14 4 3 7 6 7 2 2 5 6 7 6 3 5 21 0 -4 3 9 10 8 8 8 7 6 0 6 7 2 2 6 4 6 5 1 5 3 6 5 8 9 3 3 3 11
6 9 8 8 8 9 6 5 3 5 4 5 6 8 8 7 6 5 9 1 6 6 8 7 9 8 7 7 4 6 8 9 6 5 6 7 4 6 -1 5 9 6 7 5 3 5 5 5 4 8 2 9 0 7 4 6 6 6 5 7 4 9 6 7 6 0 7 6 13 4 4 4 5 7 2 5 9 4 7 3 5 4 7 8 5 9 3 6 4 4 10 10 3 3 4 8
7 6 1 6 7 4 5 6 5 6 4 5 4 6 9 9 7 4 4 3 8 8 6 7 4 8 4 6 2 7 7 7 6 6 8 8 6 7 5 6 8 6 4 5 7 7 7 5 5 7 2 3 4 7 5 7 7 7 5 9 8 8 9 8 8 4 2 5 5 0 3 5 7 7 4 11 9 6 3 1 7 4 5 4 5 4 2 5 -2 1 7 7 3 3 3 6
6 4 4 8 3 4 7 6 6 3 13 4 7 5 6 5 6 8 11 7 5 8 8 6 5 9 5 2 9 10 6 7 7 7 7 6 5 7 5 6 6 5 7 8 5 5 2 7 4 6 5 5 1 6 -4 5 -2 4 6 8 8 11 9 9 8 5 7 0 3 3 5 5 8 9 7 3 15 6 6 3 6 3 9 1 3 12 7 9 5 3 6 8 3 3 3 9
8 4 5 7 0 7 3 6 4 9 7 5 3 3 5 5 5 8 6 7 9 7 9 6 6 9 7 8 5 2 8 7 7 8 9 5 5 8 8 6 2 4 5 4 6 4 5 5 6 4 5 0 6 3 0 6 4 5 6 5 7 7 6 6 6 10 6 7 7 6 6 7 7 6 5 5 4 5 18 6 7 22 3 3 5 5 4 6 6 6 8 9 3 3 3 10
4 5 5 7 5 2 3 7 7 7 4 4 6 6 5 4 6 4 4 4 8 7 6 9 4 7 7 8 3 3 7 8 8 5 7 6 4 4 1 8 1 4 6 7 9 8 6 3 7 7 3 9 8 4 5 6 7 6 8 8 7 4 5 6 6 9 6 8 7 9 6 9 8 9 6 6 7 5 7 7 6 16 7 5 5 9 1 4 4 4 6 7 4 3 3 8
4 10 7 5 3 7 7 6 6 6 5 5 5 7 9 4 6 6 7 7 7 5 5 6 7 6 7 4 6 8 8 7 5 7 5 3 12 5 4 4 7 7 3 8 6 6 8 6 6 6 6 5 6 6 0 7 7 9 6 6 12 4 1 5 10 3 2 3 2 7 4 5 12 7 9 9 7 4 7 12 4 3 5 5 6 6 2 4 3 5 9 9 7 3 3 6
6 3 4 3 6 5 5 6 6 5 5 4 5 7 4 6 5 4 7 6 4 4 5 6 6 8 6 9 7 8 5 4 3 3 7 2 6 5 3 4 5 6 0 9 8 5 6 3 5 5 6 1 3 1 3 6 2 5 4 8 9 4 2 4 6 12 5 10 5 3 4 7 5 5 8 9 8 8 7 4 3 8 8 7 3 7 2 5 7 7 5 7 11 3 3 10
10 2 6 6 5 4 5 8 7 6 8 9 6 4 7 6 8 8 5 5 6 9 5 5 4 7 6 4 5 7 7 2 7 6 5 3 6 4 7 5 9 6 8 7 10 5 5 7 4 -4 5 7 6 4 5 4 6 6 7 5 4 3 7 6 7 8 8 6 1 8 4 7 7 7 9 6 7 8 5 6 9 4 7 5 6 6 6 4 4 6 5 9 7 3 3 4
7 5 8 10 4 6 6 9 3 8 6 12 1 8 4 5 6 7 4 5 11 4 7 4 3 1 6 8 9 2 1 2 7 6 5 5 7 7 7 9 9 6 8 5 7 9 9 6 4 3 4 4 8 0 6 6 -1 3 6 5 11 7 10 8 8 3 6 7 7 5 5 6 8 7 10 4 10 9 4 9 17 2 8 6 3 8 5 6 6 7 6 10 6 11 3 2
8 10 6 6 3 6 3 6 2 6 3 6 5 7 5 7 5 8 8 7 10 8 7 6 4 4 9 2 5 5 7 6 4 -1 4 8 8 6 7 4 4 6 7 5 8 6 5 7 5 5 10 2 4 4 4 6 3 7 7 2 6 4 4 7 4 2 5 4 5 6 -2 5 7 5 6 8 8 6 6 7 5 9 9 7 8 8 9 9 8 6 6 7 6 6 3 4
2 2 4 5 4 9 5 6 5 6 7 7 4 6 3 2 6 5 6 12 5 4 6 2 3 6 6 6 5 3 -1 4 6 5 7 7 4 6 7 6 7 6 7 4 6 5 5 6 -2 9 7 4 8 3 5 7 9 4 7 8 16 5 5 5 1 3 4 5 6 4 -3 5 9 6 9 7 11 9 5 7 5 4 3 7 4 3 5 8 7 5 6 6 6 9 3 3
6 7 7 4 5 6 4 5 2 5 2 3 4 5 9 5 6 4 4 5 4 7 1 5 4 5 4 4 8 7 3 4 5 6 7 6 5 7 6 6 4 1 10 8 6 7 5 10 1 7 7 6 3 3 4 4 4 3 6 8 6 6 3 2 7 5 3 5 7 8 3 5 3 8 9 5 9 8 7 9 8 6 6 4 12 0 6 6 3 11 6 7 11 6 6 3
3 1 4 5 7 7 6 6 6 7 5 5 5 6 6 6 7 7 5 8 4 10 5 3 3 5 3 6 7 4 6 7 4 2 10 7 1 6 8 6 8 3 10 10 6 7 6 1 1 0 6 7 8 5 3 4 8 6 6 8 7 3 6 4 5 5 4 5 8 1 5 6 2 7 8 4 5 7 10 9 8 8 7 4 4 10 4 7 7 5 5 8 5 5 6 8
2 8 17 3 4 6 3 3 4 5 4 4 3 2 2 4 5 5 6 4 7 5 3 5 8 3 5 3 4 4 5 5 0 6 4 5 5 4 5 9 6 5 2 6 5 5 9 2 5 7 6 3 6 5 5 3 8 8 7 7 6 9 9 7 4 16 3 3 3 10 3 4 5 7 2 1 8 5 8 4 7 7 10 9 10 10 6 5 7 7 5 5 5 3 10 9
9 5 15 8 5 2 3 5 4 4 10 7 7 6 6 5 2 11 1 8 5 4 7 4 3 2 6 5 4 6 4 5 8 6 3 4 1 6 7 3 8 4 4 2 8 8 6 3 7 7 4 5 5 6 5 9 6 5 5 4 7 10 8 2 11 6 18 2 7 8 6 4 6 6 5 6 6 6 7 8 4 3 8 10 10 7 6 6 6 8 7 6 5 6 8 6
5 13 7 6 2 7 3 7 3 4 7 9 1 8 6 5 0 0 4 3 5 3 2 6 1 6 7 5 3 4 2 6 6 7 3 5 3 7 8 7 8 1 0 6 2 7 4 6 3 2 7 2 8 7 6 4 4 6 4 6 7 6 4 -1 7 17 -2 5 6 11 1 5 6 2 8 6 8 8 5 6 7 3 6 9 7 8 4 4 11 6 8 6 7 2 10 10
64 12 48 14 4 3 5 4 6 4 2 3 5 4 2 5 2 4 6 6 6 1 4 5 6 1 2 4 6 6 7 5 6 4 4 6 6 4 5 7 6 4 5 5 7 5 7 13 -1 1 8 6 4 13 7 5 4 7 3 7 7 10 6 5 6 3 1 7 8 6 3 4 3 4 10 8 5 9 6 6 6 7 4 8 3 8 5 7 6 6 8 8 7 4 4 4
20 63 70 8 8 4 4 4 3 6 5 5 4 3 5 5 6 3 2 3 3 3 4 5 2 2 2 8 4 3 6 4 7 1 3 6 7 3 4 6 5 8 7 7 4 4 6 7 6 10 4 6 8 8 7 12 8 6 7 7 7 4 7 3 7 6 6 7 5 4 3 6 5 9 10 5 8 11 8 5 6 3 5 8 9 6 8 10 7 7 4 4 4 4 5 2
96 119 76 23 16 4 3 4 5 4 5 6 4 4 8 7 6 2 5 5 5 2 3 3 0 4 5 5 6 4 4 5 6 3 2 5 4 5 3 5 5 5 6 3 1 3 1 6 7 6 5 4 4 8 7 4 2 9 4 8 6 5 8 8 7 -2 4 2 3 8 1 -2 9 10 6 7 9 11 7 11 8 5 5 4 4 4 4 4 4 5 7 9 7 7 7 2
115 91 71 15 16 14 3 7 7 3 5 4 6 8 7 4 5 6 2 5 4 4 4 3 7 7 4 2 2 6 3 5 8 6 6 6 3 4 6 5 6 5 6 8 5 4 5 -3 7 5 6 4 6 5 8 3 8 3 5 3 4 5 5 3 1 -2 7 8 2 5 1 5 9 9 8 13 8 9 11 5 5 8 9 8 7 5 7 5 9 7 8 3 5 7 2 4
114 99 63 68 4 12 25 3 11 5 2 5 7 8 5 0 2 3 6 -2 4 4 3 5 5 7 2 7 7 4 7 4 2 7 6 8 1 3 6 5 5 9 4 5 7 3 6 4 6 5 6 3 -4 7 6 4 4 -3 10 5 5 10 1 4 6 5 -1 1 9 8 4 8 9 5 7 7 9 9 8 5 7 8 8 9 9 4 5 7 8 8 8 8 6 7 4 3
98 80 50 28 51 20 12 10 8 4 4 2 2 5 8 7 5 4 5 6 6 6 2 6 5 2 8 7 6 5 6 5 6 5 7 5 7 2 8 3 5 7 8 6 6 5 3 4 9 9 8 1 8 6 4 -1 0 6 4 6 4 6 8 5 4 2 4 1 1 -2 4 11 8 4 9 8 9 11 7 9 7 8 7 10 7 6 9 7 9 10 8 7 5 2 6 6
89 78 60 67 63 10 6 4 7 5 2 6 7 4 4 6 3 11 2 7 4 4 7 7 5 5 7 7 4 6 5 5 3 6 6 5 9 6 10 10 6 5 5 4 7 5 5 5 4 4 14 10 5 8 0 3 7 5 4 7 8 6 5 6 8 3 5 5 4 7 6 7 3 9 8 7 9 8 8 9 6 6 6 6 6 6 9 8 9 9 8 8 6 4 6 6
97 75 25 9 41 7 4 4 5 8 9 2 4 10 2 5 -1 6 4 6 5 5 5 6 5 5 7 6 4 4 5 -3 3 5 4 3 5 3 10 6 4 4 2 5 2 8 8 5 8 5 2 5 7 5 7 6 9 2 3 -1 6 5 6 10 5 2 6 5 4 10 11 10 3 11 10 10 8 9 6 5 4 6 3 6 7 7 5 5 9 8 7 10 6 5 8 9
59 29 5 7 6 7 5 7 5 5 7 4 8 4 7 6 5 8 3 4 9 8 5 5 4 3 6 4 7 5 4 6 8 5 6 6 6 7 4 0 2 6 3 8 4 5 4 5 6 6 1 4 6 11 4 2 4 5 4 5 6 4 8 5 4 6 6 15 4 9 15 4 9 9 9 5 6 8 7 7 6 6 6 6 10 3 7 10 7 8 1 7 7 7 8 7
46 27 3 8 10 1 2 7 10 10 6 6 6 6 4 5 8 8 -1 2 5 4 0 2 2 3 5 6 2 4 3 9 6 4 5 4 7 5 7 10 5 1 1 0 3 5 5 2 5 4 2 5 0 10 6 5 4 5 5 4 5 5 3 5 6 9 6 8 6 6 10 4 10 7 9 5 5 7 8 8 8 5 8 3 10 4 8 9 6 7 8 8 6 8 -1 5
51 85 29 4 11 13 4 14 10 5 11 7 8 6 4 3 2 6 4 5 1 3 4 2 2 3 8 5 4 7 8 6 5 4 8 6 8 4 9 2 7 6 4 4 5 3 7 4 9 5 6 4 2 6 5 5 4 3 10 4 6 2 7 8 6 5 4 6 4 3 9 6 9 11 6 12 9 3 7 7 4 4 3 7 11 5 8 8 6 7 5 8 7 5 3 3
